1882
1882
1882
1882
1882
1872
1872
1872
1872
1872
1872
1890
1890
1890
1890
1890
1872
1872
1872
1872
1872
1877
1877
1877
1877
1877
1877
1880
1880
1880
1880
1880
1875
1875
1875
1875
1875
1869
1869
1869
1869
1869
1869
1878
1878
1878
1878
1878
1860
1860
1860
1860
1860
1857
1857
1857
1857
1857
1857
1865
1865
1865
1865
1865
1849
1849
1849
1849
1849
1847
1847
1847
1847
1847
1847
1849
1849
1849
1849
1849
1861
1861
1861
1861
1861
1860
1860
1860
1860
1860
1860
1834
1834
1834
1834
1834
1847
1847
1847
1847
1847
1815
1815
1815
1815
1815
1815
1828
1828
1828
1828
1828
1832
1832
1832
1832
1832
1811
1811
1811
1811
1811
1811
1805
1805
1805
1805
1805
1792
1792
1792
1792
1792
1802
1802
1802
1802
1802
1802
1790
1790
1790
1790
1790
1784
1784
1784
1784
1784
1788
1788
1788
1788
1788
1788
1780
1780
1780
1780
1780
1769
1769
1769
1769
1769
1778
1778
1778
1778
1778
1778
1755
1755
1755
1755
1755
1765
1765
1765
1765
1765
1748
1748
1748
1748
1748
1748
1743
1743
1743
1743
1743
1747
1747
1747
1747
1747
1735
1735
1735
1735
1735
1735
1743
1743
1743
1743
1743
1722
1722
1722
1722
1722
1745
1745
1745
1745
1745
1745
1739
1739
1739
1739
1739
1758
1758
1758
1758
1758
1750
1750
1750
1750
1750
1750
1776
1776
1776
1776
1776
1785
1785
1785
1785
1785
1770
1770
1770
1770
1770
1770
1779
1779
1779
1779
1779
1791
1791
1791
1791
1791
1809
1809
1809
1809
1809
1809
1812
1812
1812
1812
1812
1828
1828
1828
1828
1828
1833
1833
1833
1833
1833
1833
1848
1848
1848
1848
1848
1851
1851
1851
1851
1851
1854
1854
1854
1854
1854
1854
1870
1870
1870
1870
1870
1873
1873
1873
1873
1873
1894
1894
1894
1894
1894
1894
1880
1880
1880
1880
1880
1893
1893
1893
1893
1893
1881
1881
1881
1881
1881
1881
1877
1877
1877
1877
1877
1888
1888
1888
1888
1888
1869
1869
1869
1869
1869
1869
1864
1864
1864
1864
1864
1852
1852
1852
1852
1852
1824
1824
1824
1824
1824
1824
1810
1810
1810
1810
1810
1802
1802
1802
1802
1802
1770
1770
1770
1770
1770
1770
1754
1754
1754
1754
1754
1720
1720
1720
1720
1720
1727
1727
1727
1727
1727
1727
1690
1690
1690
1690
1690
1693
1693
1693
1693
1693
1696
1696
1696
1696
1696
1696
1685
1685
1685
1685
1685
1727
1727
1727
1727
1727
1752
1752
1752
1752
1752
1752
1789
1789
1789
1789
1789
1818
1818
1818
1818
1818
1883
1883
1883
1883
1883
1883
1933
1933
1933
1933
1933
1959
1959
1959
1959
1959
2008
2008
2008
2008
2008
2008
2028
2028
2028
2028
2028
2050
2050
2050
2050
2050
2058
2058
2058
2058
2058
2058
2050
2050
2050
2050
2050
2044
2044
2044
2044
2044
2041
2041
2041
2041
2041
2041
1995
1995
1995
1995
1995
1985
1985
1985
1985
1985
1961
1961
1961
1961
1961
1961
1942
1942
1942
1942
1942
1950
1950
1950
1950
1950
1934
1934
1934
1934
1934
1934
1935
1935
1935
1935
1935
1937
1937
1937
1937
1937
1963
1963
1963
1963
1963
1963
1984
1984
1984
1984
1984
1973
1973
1973
1973
1973
1993
1993
1993
1993
1993
1993
2005
2005
2005
2005
2005
2002
2002
2002
2002
2002
1972
1972
1972
1972
1972
1972
1955
1955
1955
1955
1955
1940
1940
1940
1940
1940
1928
1928
1928
1928
1928
1928
1908
1908
1908
1908
1908
1902
1902
1902
1902
1902
1875
1875
1875
1875
1875
1875
1882
1882
1882
1882
1882
1877
1877
1877
1877
1877
1886
1886
1886
1886
1886
1886
1880
1880
1880
1880
1880
1897
1897
1897
1897
1897
1918
1918
1918
1918
1918
1918
1927
1927
1927
1927
1927
1949
1949
1949
1949
1949
1963
1963
1963
1963
1963
1963
1971
1971
1971
1971
1971
1990
1990
1990
1990
1990
1971
1971
1971
1971
1971
1971
1981
1981
1981
1981
1981
1963
1963
1963
1963
1963
1953
1953
1953
1953
1953
1953
1933
1933
1933
1933
1933
1921
1921
1921
1921
1921
1926
1926
1926
1926
1926
1926
1915
1915
1915
1915
1915
1910
1910
1910
1910
1910
1914
1914
1914
1914
1914
1914
1904
1904
1904
1904
1904
1917
1917
1917
1917
1917
1930
1930
1930
1930
1930
1930
1906
1906
1906
1906
1906
1936
1936
1936
1936
1936
1920
1920
1920
1920
1920
1920
1949
1949
1949
1949
1949
1957
1957
1957
1957
1957
1947
1947
1947
1947
1947
1947
1954
1954
1954
1954
1954
1945
1945
1945
1945
1945
1934
1934
1934
1934
1934
1934
1925
1925
1925
1925
1925
1915
1915
1915
1915
1915
1922
1922
1922
1922
1922
1922
1935
1935
1935
1935
1935
1933
1933
1933
1933
1933
1946
1946
1946
1946
1946
1946
1962
1962
1962
1962
1962
1997
1997
1997
1997
1997
2027
2027
2027
2027
2027
2027
2055
2055
2055
2055
2055
2077
2077
2077
2077
2077
2087
2087
2087
2087
2087
2087
2126
2126
2126
2126
2126
2121
2121
2121
2121
2121
2114
2114
2114
2114
2114
2114
2114
2114
2114
2114
2114
2120
2120
2120
2120
2120
2089
2089
2089
2089
2089
2089
2064
2064
2064
2064
2064
2087
2087
2087
2087
2087
2076
2076
2076
2076
2076
2076
2060
2060
2060
2060
2060
2035
2035
2035
2035
2035
2032
2032
2032
2032
2032
2032
2009
2009
2009
2009
2009
1999
1999
1999
1999
1999
1960
1960
1960
1960
1960
1960
1947
1947
1947
1947
1947
1910
1910
1910
1910
1910
1883
1883
1883
1883
1883
1883
1870
1870
1870
1870
1870
1815
1815
1815
1815
1815
1796
1796
1796
1796
1796
1796
1771
1771
1771
1771
1771
1788
1788
1788
1788
1788
1774
1774
1774
1774
1774
1774
1765
1765
1765
1765
1765
1783
1783
1783
1783
1783
1793
1793
1793
1793
1793
1793
1810
1810
1810
1810
1810
1799
1799
1799
1799
1799
1823
1823
1823
1823
1823
1823
1828
1828
1828
1828
1828
1831
1831
1831
1831
1831
1836
1836
1836
1836
1836
1836
1827
1827
1827
1827
1827
1813
1813
1813
1813
1813
1803
1803
1803
1803
1803
1803
1808
1808
1808
1808
1808
1789
1789
1789
1789
1789
1803
1803
1803
1803
1803
1803
1786
1786
1786
1786
1786
1837
1837
1837
1837
1837
1837
1837
1837
1837
1837
1837
1875
1875
1875
1875
1875
1893
1893
1893
1893
1893
1938
1938
1938
1938
1938
1938
2005
2005
2005
2005
2005
2009
2009
2009
2009
2009
2056
2056
2056
2056
2056
2056
2075
2075
2075
2075
2075
2084
2084
2084
2084
2084
2083
2083
2083
2083
2083
2083
2096
2096
2096
2096
2096
2093
2093
2093
2093
2093
2138
2138
2138
2138
2138
2138
2140
2140
2140
2140
2140
2181
2181
2181
2181
2181
2199
2199
2199
2199
2199
2199
2204
2204
2204
2204
2204
2222
2222
2222
2222
2222
2208
2208
2208
2208
2208
2208
2214
2214
2214
2214
2214
2204
2204
2204
2204
2204
2204
2204
2204
2204
2204
2204
2171
2171
2171
2171
2171
2157
2157
2157
2157
2157
2121
2121
2121
2121
2121
2121
2067
2067
2067
2067
2067
2027
2027
2027
2027
2027
1996
1996
1996
1996
1996
1996
1971
1971
1971
1971
1971
1949
1949
1949
1949
1949
1945
1945
1945
1945
1945
1945
1972
1972
1972
1972
1972
1996
1996
1996
1996
1996
2032
2032
2032
2032
2032
2032
2058
2058
2058
2058
2058
2071
2071
2071
2071
2071
2070
2070
2070
2070
2070
2070
2091
2091
2091
2091
2091
2068
2068
2068
2068
2068
2084
2084
2084
2084
2084
2084
2073
2073
2073
2073
2073
2063
2063
2063
2063
2063
2042
2042
2042
2042
2042
2042
2032
2032
2032
2032
2032
2016
2016
2016
2016
2016
2022
2022
2022
2022
2022
2022
2052
2052
2052
2052
2052
2076
2076
2076
2076
2076
2137
2137
2137
2137
2137
2137
2172
2172
2172
2172
2172
2187
2187
2187
2187
2187
2215
2215
2215
2215
2215
2215
2214
2214
2214
2214
2214
2201
2201
2201
2201
2201
2178
2178
2178
2178
2178
2178
2142
2142
2142
2142
2142
2131
2131
2131
2131
2131
2117
2117
2117
2117
2117
2117
2147
2147
2147
2147
2147
2201
2201
2201
2201
2201
2277
2277
2277
2277
2277
2277
2429
2429
2429
2429
2429
2624
2624
2624
2624
2624
2845
2845
2845
2845
2845
2845
3097
3097
3097
3097
3097
3355
3355
3355
3355
3355
3596
3596
3596
3596
3596
3596
3792
3792
3792
3792
3792
3973
3973
3973
3973
3973
4076
4076
4076
4076
4076
4076
4095
4095
4095
4095
4095
4095
4095
4095
4095
4095
4095
4095
4095
4095
4095
4095
4095
4095
4095
4095
4095
4095
4095
4095
4095
4095
4091
4091
4091
4091
4091
4091
4073
4073
4073
4073
4073
4017
4017
4017
4017
4017
3972
3972
3972
3972
3972
3972
3922
3922
3922
3922
3922
3818
3818
3818
3818
3818
3755
3755
3755
3755
3755
3755
3624
3624
3624
3624
3624
3472
3472
3472
3472
3472
3303
3303
3303
3303
3303
3303
3081
3081
3081
3081
3081
2836
2836
2836
2836
2836
2583
2583
2583
2583
2583
2583
2345
2345
2345
2345
2345
2117
2117
2117
2117
2117
1889
1889
1889
1889
1889
1889
1712
1712
1712
1712
1712
1518
1518
1518
1518
1518
1348
1348
1348
1348
1348
1348
1213
1213
1213
1213
1213
1091
1091
1091
1091
1091
1026
1026
1026
1026
1026
1026
957
957
957
957
957
918
918
918
918
918
894
894
894
894
894
894
870
870
870
870
870
857
857
857
857
857
848
848
848
848
848
848
840
840
840
840
840
840
840
840
840
840
847
847
847
847
847
847
848
848
848
848
848
862
862
862
862
862
873
873
873
873
873
873
900
900
900
900
900
912
912
912
912
912
923
923
923
923
923
923
929
929
929
929
929
931
931
931
931
931
930
930
930
930
930
930
943
943
943
943
943
971
971
971
971
971
999
999
999
999
999
999
1060
1060
1060
1060
1060
1175
1175
1175
1175
1175
1302
1302
1302
1302
1302
1302
1460
1460
1460
1460
1460
1634
1634
1634
1634
1634
1800
1800
1800
1800
1800
1800
1980
1980
1980
1980
1980
2195
2195
2195
2195
2195
2452
2452
2452
2452
2452
2452
2751
2751
2751
2751
2751
3097
3097
3097
3097
3097
3437
3437
3437
3437
3437
3437
3743
3743
3743
3743
3743
4005
4005
4005
4005
4005
4095
4095
4095
4095
4095
4095
4095
4095
4095
4095
4095
4095
4095
4095
4095
4095
4095
4095
4095
4095
4095
4095
4095
4095
4095
4095
4095
4095
4095
4095
4095
4095
4095
4095
4095
4095
4095
4095
4095
4095
4095
4095
4095
4077
4077
4077
4077
4077
3827
3827
3827
3827
3827
3827
3530
3530
3530
3530
3530
3267
3267
3267
3267
3267
2982
2982
2982
2982
2982
2982
2778
2778
2778
2778
2778
2597
2597
2597
2597
2597
2463
2463
2463
2463
2463
2463
2343
2343
2343
2343
2343
2222
2222
2222
2222
2222
2094
2094
2094
2094
2094
2094
2003
2003
2003
2003
2003
1944
1944
1944
1944
1944
1901
1901
1901
1901
1901
1901
1890
1890
1890
1890
1890
1892
1892
1892
1892
1892
1864
1864
1864
1864
1864
1864
1796
1796
1796
1796
1796
1705
1705
1705
1705
1705
1594
1594
1594
1594
1594
1594
1477
1477
1477
1477
1477
1379
1379
1379
1379
1379
1296
1296
1296
1296
1296
1296
1240
1240
1240
1240
1240
1202
1202
1202
1202
1202
1175
1175
1175
1175
1175
1175
1147
1147
1147
1147
1147
1121
1121
1121
1121
1121
1087
1087
1087
1087
1087
1087
1067
1067
1067
1067
1067
1044
1044
1044
1044
1044
1023
1023
1023
1023
1023
1023
1013
1013
1013
1013
1013
1018
1018
1018
1018
1018
1026
1026
1026
1026
1026
1026
1023
1023
1023
1023
1023
1040
1040
1040
1040
1040
1062
1062
1062
1062
1062
1062
1116
1116
1116
1116
1116
1200
1200
1200
1200
1200
1307
1307
1307
1307
1307
1307
1400
1400
1400
1400
1400
1510
1510
1510
1510
1510
1622
1622
1622
1622
1622
1622
1741
1741
1741
1741
1741
1875
1875
1875
1875
1875
2014
2014
2014
2014
2014
2014
2154
2154
2154
2154
2154
2319
2319
2319
2319
2319
2498
2498
2498
2498
2498
2498
2668
2668
2668
2668
2668
2817
2817
2817
2817
2817
2955
2955
2955
2955
2955
2955
3108
3108
3108
3108
3108
3288
3288
3288
3288
3288
3435
3435
3435
3435
3435
3435
3572
3572
3572
3572
3572
3628
3628
3628
3628
3628
3623
3623
3623
3623
3623
3623
3576
3576
3576
3576
3576
3486
3486
3486
3486
3486
3381
3381
3381
3381
3381
3381
3211
3211
3211
3211
3211
3030
3030
3030
3030
3030
2837
2837
2837
2837
2837
2837
2674
2674
2674
2674
2674
2498
2498
2498
2498
2498
2338
2338
2338
2338
2338
2338
2205
2205
2205
2205
2205
2131
2131
2131
2131
2131
2065
2065
2065
2065
2065
2065
2049
2049
2049
2049
2049
2026
2026
2026
2026
2026
2002
2002
2002
2002
2002
2002
1984
1984
1984
1984
1984
1959
1959
1959
1959
1959
1937
1937
1937
1937
1937
1937
1885
1885
1885
1885
1885
1819
1819
1819
1819
1819
1736
1736
1736
1736
1736
1736
1647
1647
1647
1647
1647
1540
1540
1540
1540
1540
1436
1436
1436
1436
1436
1436
1352
1352
1352
1352
1352
1258
1258
1258
1258
1258
1206
1206
1206
1206
1206
1206
1147
1147
1147
1147
1147
1123
1123
1123
1123
1123
1109
1109
1109
1109
1109
1109
1121
1121
1121
1121
1121
1123
1123
1123
1123
1123
1154
1154
1154
1154
1154
1154
1168
1168
1168
1168
1168
1196
1196
1196
1196
1196
1248
1248
1248
1248
1248
1248
1289
1289
1289
1289
1289
1343
1343
1343
1343
1343
1396
1396
1396
1396
1396
1396
1424
1424
1424
1424
1424
1458
1458
1458
1458
1458
1496
1496
1496
1496
1496
1496
1534
1534
1534
1534
1534
1567
1567
1567
1567
1567
1582
1582
1582
1582
1582
1582
1605
1605
1605
1605
1605
1636
1636
1636
1636
1636
1687
1687
1687
1687
1687
1687
1744
1744
1744
1744
1744
1801
1801
1801
1801
1801
1885
1885
1885
1885
1885
1885
1951
1951
1951
1951
1951
2024
2024
2024
2024
2024
2086
2086
2086
2086
2086
2086
2150
2150
2150
2150
2150
2236
2236
2236
2236
2236
2289
2289
2289
2289
2289
2289
2357
2357
2357
2357
2357
2426
2426
2426
2426
2426
2497
2497
2497
2497
2497
2497
2554
2554
2554
2554
2554
2624
2624
2624
2624
2624
2684
2684
2684
2684
2684
2684
2735
2735
2735
2735
2735
2752
2752
2752
2752
2752
2747
2747
2747
2747
2747
2747
2701
2701
2701
2701
2701
2637
2637
2637
2637
2637
2533
2533
2533
2533
2533
2533
2442
2442
2442
2442
2442
2388
2388
2388
2388
2388
2350
2350
2350
2350
2350
2350
2335
2335
2335
2335
2335
2347
2347
2347
2347
2347
2381
2381
2381
2381
2381
2381
2386
2386
2386
2386
2386
2385
2385
2385
2385
2385
2387
2387
2387
2387
2387
2387
2359
2359
2359
2359
2359
2315
2315
2315
2315
2315
2274
2274
2274
2274
2274
2274
2234
2234
2234
2234
2234
2171
2171
2171
2171
2171
2111
2111
2111
2111
2111
2111
2027
2027
2027
2027
2027
1962
1962
1962
1962
1962
1885
1885
1885
1885
1885
1885
1821
1821
1821
1821
1821
1772
1772
1772
1772
1772
1717
1717
1717
1717
1717
1717
1690
1690
1690
1690
1690
1647
1647
1647
1647
1647
1610
1610
1610
1610
1610
1610
1577
1577
1577
1577
1577
1546
1546
1546
1546
1546
1501
1501
1501
1501
1501
1501
1474
1474
1474
1474
1474
1449
1449
1449
1449
1449
1434
1434
1434
1434
1434
1434
1442
1442
1442
1442
1442
1443
1443
1443
1443
1443
1458
1458
1458
1458
1458
1458
1456
1456
1456
1456
1456
1479
1479
1479
1479
1479
1489
1489
1489
1489
1489
1489
1490
1490
1490
1490
1490
1501
1501
1501
1501
1501
1507
1507
1507
1507
1507
1507
1526
1526
1526
1526
1526
1532
1532
1532
1532
1532
1551
1551
1551
1551
1551
1551
1579
1579
1579
1579
1579
1620
1620
1620
1620
1620
1668
1668
1668
1668
1668
1668
1728
1728
1728
1728
1728
1787
1787
1787
1787
1787
1865
1865
1865
1865
1865
1865
1972
1972
1972
1972
1972
2042
2042
2042
2042
2042
2137
2137
2137
2137
2137
2137
2216
2216
2216
2216
2216
2285
2285
2285
2285
2285
2346
2346
2346
2346
2346
2346
2400
2400
2400
2400
2400
2437
2437
2437
2437
2437
2500
2500
2500
2500
2500
2500
2537
2537
2537
2537
2537
2592
2592
2592
2592
2592
2647
2647
2647
2647
2647
2647
2690
2690
2690
2690
2690
2750
2750
2750
2750
2750
2792
2792
2792
2792
2792
2792
2823
2823
2823
2823
2823
2860
2860
2860
2860
2860
2908
2908
2908
2908
2908
2908
2923
2923
2923
2923
2923
2951
2951
2951
2951
2951
2930
2930
2930
2930
2930
2930
2912
2912
2912
2912
2912
2847
2847
2847
2847
2847
2738
2738
2738
2738
2738
2738
2624
2624
2624
2624
2624
2505
2505
2505
2505
2505
2385
2385
2385
2385
2385
2385
2261
2261
2261
2261
2261
2173
2173
2173
2173
2173
2084
2084
2084
2084
2084
2084
2011
2011
2011
2011
2011
1922
1922
1922
1922
1922
1858
1858
1858
1858
1858
1858
1783
1783
1783
1783
1783
1710
1710
1710
1710
1710
1686
1686
1686
1686
1686
1686
1647
1647
1647
1647
1647
1633
1633
1633
1633
1633
1644
1644
1644
1644
1644
1644
1660
1660
1660
1660
1660
1692
1692
1692
1692
1692
1697
1697
1697
1697
1697
1697
1678
1678
1678
1678
1678
1666
1666
1666
1666
1666
1642
1642
1642
1642
1642
1642
1606
1606
1606
1606
1606
1593
1593
1593
1593
1593
1563
1563
1563
1563
1563
1563
1551
1551
1551
1551
1551
1513
1513
1513
1513
1513
1529
1529
1529
1529
1529
1529
1536
1536
1536
1536
1536
1558
1558
1558
1558
1558
1608
1608
1608
1608
1608
1608
1668
1668
1668
1668
1668
1751
1751
1751
1751
1751
1811
1811
1811
1811
1811
1811
1861
1861
1861
1861
1861
1923
1923
1923
1923
1923
1971
1971
1971
1971
1971
1971
1998
1998
1998
1998
1998
2030
2030
2030
2030
2030
2019
2019
2019
2019
2019
2019
2061
2061
2061
2061
2061
2066
2066
2066
2066
2066
2111
2111
2111
2111
2111
2111
2130
2130
2130
2130
2130
2123
2123
2123
2123
2123
2180
2180
2180
2180
2180
2180
2171
2171
2171
2171
2171
2218
2218
2218
2218
2218
2237
2237
2237
2237
2237
2237
2268
2268
2268
2268
2268
2278
2278
2278
2278
2278
2279
2279
2279
2279
2279
2279
2270
2270
2270
2270
2270
2247
2247
2247
2247
2247
2224
2224
2224
2224
2224
2224
2165
2165
2165
2165
2165
2147
2147
2147
2147
2147
2109
2109
2109
2109
2109
2109
2087
2087
2087
2087
2087
2069
2069
2069
2069
2069
2044
2044
2044
2044
2044
2044
2041
2041
2041
2041
2041
2006
2006
2006
2006
2006
1998
1998
1998
1998
1998
1998
1960
1960
1960
1960
1960
1945
1945
1945
1945
1945
1912
1912
1912
1912
1912
1912
1891
1891
1891
1891
1891
1867
1867
1867
1867
1867
1841
1841
1841
1841
1841
1841
1825
1825
1825
1825
1825
1799
1799
1799
1799
1799
1784
1784
1784
1784
1784
1784
1753
1753
1753
1753
1753
1736
1736
1736
1736
1736
1713
1713
1713
1713
1713
1713
1715
1715
1715
1715
1715
1691
1691
1691
1691
1691
1712
1712
1712
1712
1712
1712
1695
1695
1695
1695
1695
1722
1722
1722
1722
1722
1756
1756
1756
1756
1756
1756
1757
1757
1757
1757
1757
1793
1793
1793
1793
1793
1825
1825
1825
1825
1825
1825
1859
1859
1859
1859
1859
1895
1895
1895
1895
1895
1946
1946
1946
1946
1946
1946
1999
1999
1999
1999
1999
1994
1994
1994
1994
1994
2029
2029
2029
2029
2029
2029
2044
2044
2044
2044
2044
2057
2057
2057
2057
2057
2045
2045
2045
2045
2045
2045
2060
2060
2060
2060
2060
2051
2051
2051
2051
2051
2077
2077
2077
2077
2077
2077
2095
2095
2095
2095
2095
2099
2099
2099
2099
2099
2122
2122
2122
2122
2122
2122
2123
2123
2123
2123
2123
2117
2117
2117
2117
2117
2115
2115
2115
2115
2115
2115
2124
2124
2124
2124
2124
2132
2132
2132
2132
2132
2143
2143
2143
2143
2143
2143
2139
2139
2139
2139
2139
2129
2129
2129
2129
2129
2100
2100
2100
2100
2100
2100
2057
2057
2057
2057
2057
2024
2024
2024
2024
2024
1972
1972
1972
1972
1972
1972
1926
1926
1926
1926
1926
1900
1900
1900
1900
1900
1863
1863
1863
1863
1863
1863
1845
1845
1845
1845
1845
1851
1851
1851
1851
1851
1852
1852
1852
1852
1852
1852
1873
1873
1873
1873
1873
1886
1886
1886
1886
1886
1865
1865
1865
1865
1865
1865
1907
1907
1907
1907
1907
1920
1920
1920
1920
1920
1924
1924
1924
1924
1924
1924
1911
1911
1911
1911
1911
1905
1905
1905
1905
1905
1913
1913
1913
1913
1913
1913
1934
1934
1934
1934
1934
1942
1942
1942
1942
1942
1955
1955
1955
1955
1955
1955
1964
1964
1964
1964
1964
1970
1970
1970
1970
1970
1993
1993
1993
1993
1993
1993
1989
1989
1989
1989
1989
2006
2006
2006
2006
2006
2012
2012
2012
2012
2012
2012
2002
2002
2002
2002
2002
2019
2019
2019
2019
2019
2028
2028
2028
2028
2028
2028
2052
2052
2052
2052
2052
2097
2097
2097
2097
2097
2094
2094
2094
2094
2094
2094
2112
2112
2112
2112
2112
2131
2131
2131
2131
2131
2134
2134
2134
2134
2134
2134
2155
2155
2155
2155
2155
2183
2183
2183
2183
2183
2208
2208
2208
2208
2208
2208
2257
2257
2257
2257
2257
2275
2275
2275
2275
2275
2278
2278
2278
2278
2278
2278
2268
2268
2268
2268
2268
2256
2256
2256
2256
2256
2238
2238
2238
2238
2238
2238
2198
2198
2198
2198
2198
2169
2169
2169
2169
2169
2163
2163
2163
2163
2163
2163
2162
2162
2162
2162
2162
2156
2156
2156
2156
2156
2157
2157
2157
2157
2157
2157
2161
2161
2161
2161
2161
2173
2173
2173
2173
2173
2166
2166
2166
2166
2166
2166
2171
2171
2171
2171
2171
2154
2154
2154
2154
2154
2114
2114
2114
2114
2114
2114
2110
2110
2110
2110
2110
2072
2072
2072
2072
2072
2031
2031
2031
2031
2031
2031
2005
2005
2005
2005
2005
1973
1973
1973
1973
1973
1949
1949
1949
1949
1949
1949
1918
1918
1918
1918
1918
1870
1870
1870
1870
1870
1839
1839
1839
1839
1839
1839
1780
1780
1780
1780
1780
1757
1757
1757
1757
1757
1743
1743
1743
1743
1743
1743
1702
1702
1702
1702
1702
1712
1712
1712
1712
1712
1690
1690
1690
1690
1690
1690
1705
1705
1705
1705
1705
1726
1726
1726
1726
1726
1744
1744
1744
1744
1744
1744
1783
1783
1783
1783
1783
1836
1836
1836
1836
1836
1870
1870
1870
1870
1870
1870
1948
1948
1948
1948
1948
2003
2003
2003
2003
2003
2063
2063
2063
2063
2063
2063
2112
2112
2112
2112
2112
2156
2156
2156
2156
2156
2189
2189
2189
2189
2189
2189
2209
2209
2209
2209
2209
2216
2216
2216
2216
2216
2211
2211
2211
2211
2211
2211
2194
2194
2194
2194
2194
2219
2219
2219
2219
2219
2183
2183
2183
2183
2183
2183
2185
2185
2185
2185
2185
2165
2165
2165
2165
2165
2162
2162
2162
2162
2162
2162
2151
2151
2151
2151
2151
2142
2142
2142
2142
2142
2153
2153
2153
2153
2153
2153
2158
2158
2158
2158
2158
2165
2165
2165
2165
2165
2175
2175
2175
2175
2175
2175
2161
2161
2161
2161
2161
2213
2213
2213
2213
2213
2201
2201
2201
2201
2201
2201
2231
2231
2231
2231
2231
2237
2237
2237
2237
2237
2230
2230
2230
2230
2230
2230
2238
2238
2238
2238
2238
2227
2227
2227
2227
2227
2209
2209
2209
2209
2209
2209
2212
2212
2212
2212
2212
2182
2182
2182
2182
2182
2166
2166
2166
2166
2166
2166
2146
2146
2146
2146
2146
2146
2146
2146
2146
2146
2125
2125
2125
2125
2125
2125
2110
2110
2110
2110
2110
2116
2116
2116
2116
2116
2067
2067
2067
2067
2067
2067
2048
2048
2048
2048
2048
2016
2016
2016
2016
2016
1990
1990
1990
1990
1990
1990
1984
1984
1984
1984
1984
1983
1983
1983
1983
1983
1997
1997
1997
1997
1997
1997
2010
2010
2010
2010
2010
2009
2009
2009
2009
2009
2033
2033
2033
2033
2033
2033
2023
2023
2023
2023
2023
2042
2042
2042
2042
2042
2012
2012
2012
2012
2012
2012
2016
2016
2016
2016
2016
2023
2023
2023
2023
2023
2001
2001
2001
2001
2001
2001
2002
2002
2002
2002
2002
2006
2006
2006
2006
2006
1994
1994
1994
1994
1994
1994
1995
1995
1995
1995
1995
1986
1986
1986
1986
1986
2000
2000
2000
2000
2000
2000
1993
1993
1993
1993
1993
2009
2009
2009
2009
2009
2015
2015
2015
2015
2015
2015
2033
2033
2033
2033
2033
2034
2034
2034
2034
2034
2022
2022
2022
2022
2022
2022
2041
2041
2041
2041
2041
2057
2057
2057
2057
2057
2050
2050
2050
2050
2050
2050
2047
2047
2047
2047
2047
2048
2048
2048
2048
2048
2035
2035
2035
2035
2035
2035
2034
2034
2034
2034
2034
2031
2031
2031
2031
2031
2037
2037
2037
2037
2037
2037
2042
2042
2042
2042
2042
2009
2009
2009
2009
2009
2016
2016
2016
2016
2016
2016
2005
2005
2005
2005
2005
2010
2010
2010
2010
2010
2017
2017
2017
2017
2017
2017
2021
2021
2021
2021
2021
2028
2028
2028
2028
2028
2023
2023
2023
2023
2023
2023
2063
2063
2063
2063
2063
2053
2053
2053
2053
2053
2084
2084
2084
2084
2084
2084
2094
2094
2094
2094
2094
2093
2093
2093
2093
2093
2108
2108
2108
2108
2108
2108
2110
2110
2110
2110
2110
2106
2106
2106
2106
2106
2127
2127
2127
2127
2127
2127
2135
2135
2135
2135
2135
2141
2141
2141
2141
2141
2133
2133
2133
2133
2133
2133
2104
2104
2104
2104
2104
2094
2094
2094
2094
2094
2108
2108
2108
2108
2108
2108
2076
2076
2076
2076
2076
2067
2067
2067
2067
2067
2060
2060
2060
2060
2060
2060
2036
2036
2036
2036
2036
2029
2029
2029
2029
2029
2029
2029
2029
2029
2029
2029
2016
2016
2016
2016
2016
2013
2013
2013
2013
2013
2014
2014
2014
2014
2014
2014
2019
2019
2019
2019
2019
2034
2034
2034
2034
2034
2041
2041
2041
2041
2041
2041
2020
2020
2020
2020
2020
2049
2049
2049
2049
2049
2052
2052
2052
2052
2052
2052
2042
2042
2042
2042
2042
2034
2034
2034
2034
2034
2033
2033
2033
2033
2033
2033
2037
2037
2037
2037
2037
2037
2037
2037
2037
2037
2034
2034
2034
2034
2034
2034
2014
2014
2014
2014
2014
2005
2005
2005
2005
2005
1989
1989
1989
1989
1989
1989
1955
1955
1955
1955
1955
1942
1942
1942
1942
1942
1931
1931
1931
1931
1931
1931
1912
1912
1912
1912
1912
1897
1897
1897
1897
1897
1885
1885
1885
1885
1885
1885
1877
1877
1877
1877
1877
1877
1877
1877
1877
1877
1874
1874
1874
1874
1874
1874
1872
1872
1872
1872
1872
1863
1863
1863
1863
1863
1875
1875
1875
1875
1875
1875
1866
1866
1866
1866
1866
1866
1866
1866
1866
1866
1871
1871
1871
1871
1871
1871
1860
1860
1860
1860
1860
1864
1864
1864
1864
1864
1832
1832
1832
1832
1832
1832
1823
1823
1823
1823
1823
1830
1830
1830
1830
1830
1829
1829
1829
1829
1829
1829
1847
1847
1847
1847
1847
1853
1853
1853
1853
1853
1862
1862
1862
1862
1862
1862
1887
1887
1887
1887
1887
1895
1895
1895
1895
1895
1923
1923
1923
1923
1923
1923
1948
1948
1948
1948
1948
1977
1977
1977
1977
1977
2003
2003
2003
2003
2003
2003
2025
2025
2025
2025
2025
2020
2020
2020
2020
2020
2056
2056
2056
2056
2056
2056
2049
2049
2049
2049
2049
2064
2064
2064
2064
2064
2050
2050
2050
2050
2050
2050
2040
2040
2040
2040
2040
2037
2037
2037
2037
2037
2018
2018
2018
2018
2018
2018
2026
2026
2026
2026
2026
2003
2003
2003
2003
2003
2004
2004
2004
2004
2004
2004
1986
1986
1986
1986
1986
1976
1976
1976
1976
1976
1949
1949
1949
1949
1949
1949
1918
1918
1918
1918
1918
1915
1915
1915
1915
1915
1887
1887
1887
1887
1887
1887
1876
1876
1876
1876
1876
1850
1850
1850
1850
1850
1832
1832
1832
1832
1832
1832
1821
1821
1821
1821
1821
1792
1792
1792
1792
1792
1751
1751
1751
1751
1751
1751
1760
1760
1760
1760
1760
1737
1737
1737
1737
1737
1720
1720
1720
1720
1720
1720
1693
1693
1693
1693
1693
1696
1696
1696
1696
1696
1681
1681
1681
1681
1681
1681
1668
1668
1668
1668
1668
1657
1657
1657
1657
1657
1626
1626
1626
1626
1626
1626
1631
1631
1631
1631
1631
1614
1614
1614
1614
1614
1615
1615
1615
1615
1615
1615
1572
1572
1572
1572
1572
1563
1563
1563
1563
1563
1563
1563
1563
1563
1563
1563
1538
1538
1538
1538
1538
1540
1540
1540
1540
1540
1517
1517
1517
1517
1517
1517
1520
1520
1520
1520
1520
1527
1527
1527
1527
1527
1530
1530
1530
1530
1530
1530
1520
1520
1520
1520
1520
1548
1548
1548
1548
1548
1569
1569
1569
1569
1569
1569
1563
1563
1563
1563
1563
1621
1621
1621
1621
1621
1632
1632
1632
1632
1632
1632
1667
1667
1667
1667
1667
1715
1715
1715
1715
1715
1736
1736
1736
1736
1736
1736
1750
1750
1750
1750
1750
1790
1790
1790
1790
1790
1806
1806
1806
1806
1806
1806
1816
1816
1816
1816
1816
1825
1825
1825
1825
1825
1822
1822