1912
1912
1912
1912
1902
1902
1902
1902
1902
1902
1909
1909
1909
1909
1909
1903
1903
1903
1903
1903
1920
1920
1920
1920
1920
1920
1920
1920
1920
1920
1920
1918
1918
1918
1918
1918
1917
1917
1917
1917
1917
1917
1904
1904
1904
1904
1904
1911
1911
1911
1911
1911
1908
1908
1908
1908
1908
1908
1893
1893
1893
1893
1893
1897
1897
1897
1897
1897
1897
1897
1897
1897
1897
1897
1898
1898
1898
1898
1898
1893
1893
1893
1893
1893
1888
1888
1888
1888
1888
1888
1881
1881
1881
1881
1881
1857
1857
1857
1857
1857
1855
1855
1855
1855
1855
1855
1840
1840
1840
1840
1840
1823
1823
1823
1823
1823
1796
1796
1796
1796
1796
1796
1778
1778
1778
1778
1778
1765
1765
1765
1765
1765
1740
1740
1740
1740
1740
1740
1726
1726
1726
1726
1726
1711
1711
1711
1711
1711
1689
1689
1689
1689
1689
1689
1681
1681
1681
1681
1681
1681
1681
1681
1681
1681
1664
1664
1664
1664
1664
1664
1671
1671
1671
1671
1671
1653
1653
1653
1653
1653
1665
1665
1665
1665
1665
1665
1647
1647
1647
1647
1647
1669
1669
1669
1669
1669
1641
1641
1641
1641
1641
1641
1672
1672
1672
1672
1672
1697
1697
1697
1697
1697
1719
1719
1719
1719
1719
1719
1767
1767
1767
1767
1767
1807
1807
1807
1807
1807
1844
1844
1844
1844
1844
1844
1864
1864
1864
1864
1864
1879
1879
1879
1879
1879
1896
1896
1896
1896
1896
1896
1897
1897
1897
1897
1897
1881
1881
1881
1881
1881
1854
1854
1854
1854
1854
1854
1847
1847
1847
1847
1847
1820
1820
1820
1820
1820
1825
1825
1825
1825
1825
1825
1800
1800
1800
1800
1800
1809
1809
1809
1809
1809
1805
1805
1805
1805
1805
1805
1797
1797
1797
1797
1797
1818
1818
1818
1818
1818
1832
1832
1832
1832
1832
1832
1841
1841
1841
1841
1841
1839
1839
1839
1839
1839
1869
1869
1869
1869
1869
1869
1855
1855
1855
1855
1855
1869
1869
1869
1869
1869
1839
1839
1839
1839
1839
1839
1828
1828
1828
1828
1828
1759
1759
1759
1759
1759
1714
1714
1714
1714
1714
1714
1683
1683
1683
1683
1683
1645
1645
1645
1645
1645
1622
1622
1622
1622
1622
1622
1624
1624
1624
1624
1624
1608
1608
1608
1608
1608
1641
1641
1641
1641
1641
1641
1712
1712
1712
1712
1712
1732
1732
1732
1732
1732
1822
1822
1822
1822
1822
1822
1866
1866
1866
1866
1866
1927
1927
1927
1927
1927
1993
1993
1993
1993
1993
1993
2001
2001
2001
2001
2001
2055
2055
2055
2055
2055
2069
2069
2069
2069
2069
2069
2066
2066
2066
2066
2066
2068
2068
2068
2068
2068
2034
2034
2034
2034
2034
2034
2023
2023
2023
2023
2023
1978
1978
1978
1978
1978
1945
1945
1945
1945
1945
1945
1925
1925
1925
1925
1925
1912
1912
1912
1912
1912
1919
1919
1919
1919
1919
1919
1914
1914
1914
1914
1914
1917
1917
1917
1917
1917
1943
1943
1943
1943
1943
1943
1935
1935
1935
1935
1935
1939
1939
1939
1939
1939
1951
1951
1951
1951
1951
1951
1957
1957
1957
1957
1957
1953
1953
1953
1953
1953
1959
1959
1959
1959
1959
1959
1937
1937
1937
1937
1937
1939
1939
1939
1939
1939
1918
1918
1918
1918
1918
1918
1917
1917
1917
1917
1917
1892
1892
1892
1892
1892
1866
1866
1866
1866
1866
1866
1820
1820
1820
1820
1820
1796
1796
1796
1796
1796
1753
1753
1753
1753
1753
1753
1724
1724
1724
1724
1724
1710
1710
1710
1710
1710
1709
1709
1709
1709
1709
1709
1711
1711
1711
1711
1711
1725
1725
1725
1725
1725
1744
1744
1744
1744
1744
1744
1761
1761
1761
1761
1761
1789
1789
1789
1789
1789
1794
1794
1794
1794
1794
1794
1804
1804
1804
1804
1804
1786
1786
1786
1786
1786
1765
1765
1765
1765
1765
1765
1756
1756
1756
1756
1756
1701
1701
1701
1701
1701
1681
1681
1681
1681
1681
1681
1618
1618
1618
1618
1618
1614
1614
1614
1614
1614
1588
1588
1588
1588
1588
1588
1568
1568
1568
1568
1568
1537
1537
1537
1537
1537
1515
1515
1515
1515
1515
1515
1499
1499
1499
1499
1499
1452
1452
1452
1452
1452
1414
1414
1414
1414
1414
1414
1359
1359
1359
1359
1359
1302
1302
1302
1302
1302
1235
1235
1235
1235
1235
1235
1191
1191
1191
1191
1191
1140
1140
1140
1140
1140
1098
1098
1098
1098
1098
1098
1080
1080
1080
1080
1080
1085
1085
1085
1085
1085
1141
1141
1141
1141
1141
1141
1243
1243
1243
1243
1243
1483
1483
1483
1483
1483
1802
1802
1802
1802
1802
1802
2161
2161
2161
2161
2161
2508
2508
2508
2508
2508
2769
2769
2769
2769
2769
2769
2973
2973
2973
2973
2973
3054
3054
3054
3054
3054
3061
3061
3061
3061
3061
3061
3022
3022
3022
3022
3022
2944
2944
2944
2944
2944
2861
2861
2861
2861
2861
2861
2753
2753
2753
2753
2753
2642
2642
2642
2642
2642
2512
2512
2512
2512
2512
2512
2354
2354
2354
2354
2354
2221
2221
2221
2221
2221
2121
2121
2121
2121
2121
2121
2038
2038
2038
2038
2038
1992
1992
1992
1992
1992
1987
1987
1987
1987
1987
1987
1983
1983
1983
1983
1983
1959
1959
1959
1959
1959
1924
1924
1924
1924
1924
1924
1898
1898
1898
1898
1898
1854
1854
1854
1854
1854
1848
1848
1848
1848
1848
1848
1859
1859
1859
1859
1859
1882
1882
1882
1882
1882
1925
1925
1925
1925
1925
1925
1996
1996
1996
1996
1996
2053
2053
2053
2053
2053
2104
2104
2104
2104
2104
2104
2167
2167
2167
2167
2167
2209
2209
2209
2209
2209
2271
2271
2271
2271
2271
2271
2355
2355
2355
2355
2355
2475
2475
2475
2475
2475
2642
2642
2642
2642
2642
2642
2786
2786
2786
2786
2786
2961
2961
2961
2961
2961
3161
3161
3161
3161
3161
3161
3382
3382
3382
3382
3382
3577
3577
3577
3577
3577
3745
3745
3745
3745
3745
3745
3904
3904
3904
3904
3904
4043
4043
4043
4043
4043
4094
4094
4094
4094
4094
4094
4095
4095
4095
4095
4095
4095
4095
4095
4095
4095
4055
4055
4055
4055
4055
4055
3959
3959
3959
3959
3959
3843
3843
3843
3843
3843
3751
3751
3751
3751
3751
3751
3704
3704
3704
3704
3704
3683
3683
3683
3683
3683
3712
3712
3712
3712
3712
3712
3757
3757
3757
3757
3757
3795
3795
3795
3795
3795
3809
3809
3809
3809
3809
3809
3796
3796
3796
3796
3796
3773
3773
3773
3773
3773
3730
3730
3730
3730
3730
3730
3662
3662
3662
3662
3662
3581
3581
3581
3581
3581
3467
3467
3467
3467
3467
3467
3275
3275
3275
3275
3275
3027
3027
3027
3027
3027
2711
2711
2711
2711
2711
2711
2360
2360
2360
2360
2360
2007
2007
2007
2007
2007
1694
1694
1694
1694
1694
1694
1415
1415
1415
1415
1415
1230
1230
1230
1230
1230
1113
1113
1113
1113
1113
1113
1037
1037
1037
1037
1037
988
988
988
988
988
958
958
958
958
958
958
939
939
939
939
939
921
921
921
921
921
912
912
912
912
912
912
914
914
914
914
914
911
911
911
911
911
913
913
913
913
913
913
914
914
914
914
914
909
909
909
909
909
901
901
901
901
901
901
894
894
894
894
894
881
881
881
881
881
871
871
871
871
871
871
872
872
872
872
872
868
868
868
868
868
869
869
869
869
869
869
881
881
881
881
881
889
889
889
889
889
907
907
907
907
907
907
925
925
925
925
925
948
948
948
948
948
999
999
999
999
999
999
1068
1068
1068
1068
1068
1184
1184
1184
1184
1184
1369
1369
1369
1369
1369
1369
1611
1611
1611
1611
1611
1860
1860
1860
1860
1860
2113
2113
2113
2113
2113
2113
2340
2340
2340
2340
2340
2534
2534
2534
2534
2534
2718
2718
2718
2718
2718
2718
2876
2876
2876
2876
2876
3048
3048
3048
3048
3048
3236
3236
3236
3236
3236
3236
3429
3429
3429
3429
3429
3656
3656
3656
3656
3656
3872
3872
3872
3872
3872
3872
4057
4057
4057
4057
4057
4095
4095
4095
4095
4095
4095
4095
4095
4095
4095
4095
4095
4095
4095
4095
4095
4095
4095
4095
4095
4095
4095
4095
4095
4095
4095
4095
4095
4095
4095
4095
4095
4095
4095
4095
4095
4095
4095
4095
4095
4095
4095
4095
4095
4095
4095
4095
4095
4095
4095
4095
4095
4095
3865
3865
3865
3865
3865
3865
3577
3577
3577
3577
3577
3282
3282
3282
3282
3282
2973
2973
2973
2973
2973
2973
2695
2695
2695
2695
2695
2445
2445
2445
2445
2445
2218
2218
2218
2218
2218
2218
2008
2008
2008
2008
2008
1824
1824
1824
1824
1824
1679
1679
1679
1679
1679
1679
1561
1561
1561
1561
1561
1437
1437
1437
1437
1437
1372
1372
1372
1372
1372
1372
1310
1310
1310
1310
1310
1242
1242
1242
1242
1242
1194
1194
1194
1194
1194
1194
1159
1159
1159
1159
1159
1120
1120
1120
1120
1120
1091
1091
1091
1091
1091
1091
1070
1070
1070
1070
1070
1056
1056
1056
1056
1056
1052
1052
1052
1052
1052
1052
1053
1053
1053
1053
1053
1044
1044
1044
1044
1044
1044
1044
1044
1044
1044
1044
1045
1045
1045
1045
1045
1035
1035
1035
1035
1035
1033
1033
1033
1033
1033
1033
1049
1049
1049
1049
1049
1077
1077
1077
1077
1077
1119
1119
1119
1119
1119
1119
1205
1205
1205
1205
1205
1330
1330
1330
1330
1330
1489
1489
1489
1489
1489
1489
1695
1695
1695
1695
1695
1924
1924
1924
1924
1924
2147
2147
2147
2147
2147
2147
2395
2395
2395
2395
2395
2639
2639
2639
2639
2639
2889
2889
2889
2889
2889
2889
3099
3099
3099
3099
3099
3292
3292
3292
3292
3292
3418
3418
3418
3418
3418
3418
3456
3456
3456
3456
3456
3421
3421
3421
3421
3421
3336
3336
3336
3336
3336
3336
3199
3199
3199
3199
3199
3055
3055
3055
3055
3055
2927
2927
2927
2927
2927
2927
2762
2762
2762
2762
2762
2633
2633
2633
2633
2633
2479
2479
2479
2479
2479
2479
2317
2317
2317
2317
2317
2156
2156
2156
2156
2156
1989
1989
1989
1989
1989
1989
1845
1845
1845
1845
1845
1750
1750
1750
1750
1750
1712
1712
1712
1712
1712
1712
1705
1705
1705
1705
1705
1750
1750
1750
1750
1750
1800
1800
1800
1800
1800
1800
1880
1880
1880
1880
1880
1946
1946
1946
1946
1946
1955
1955
1955
1955
1955
1955
1938
1938
1938
1938
1938
1849
1849
1849
1849
1849
1749
1749
1749
1749
1749
1749
1663
1663
1663
1663
1663
1602
1602
1602
1602
1602
1562
1562
1562
1562
1562
1562
1587
1587
1587
1587
1587
1624
1624
1624
1624
1624
1683
1683
1683
1683
1683
1683
1727
1727
1727
1727
1727
1792
1792
1792
1792
1792
1837
1837
1837
1837
1837
1837
1880
1880
1880
1880
1880
1925
1925
1925
1925
1925
1932
1932
1932
1932
1932
1932
1988
1988
1988
1988
1988
2021
2021
2021
2021
2021
2080
2080
2080
2080
2080
2080
2090
2090
2090
2090
2090
2075
2075
2075
2075
2075
2041
2041
2041
2041
2041
2041
1986
1986
1986
1986
1986
1926
1926
1926
1926
1926
1845
1845
1845
1845
1845
1845
1781
1781
1781
1781
1781
1708
1708
1708
1708
1708
1644
1644
1644
1644
1644
1644
1570
1570
1570
1570
1570
1500
1500
1500
1500
1500
1431
1431
1431
1431
1431
1431
1353
1353
1353
1353
1353
1289
1289
1289
1289
1289
1251
1251
1251
1251
1251
1251
1251
1251
1251
1251
1251
1267
1267
1267
1267
1267
1289
1289
1289
1289
1289
1289
1318
1318
1318
1318
1318
1359
1359
1359
1359
1359
1383
1383
1383
1383
1383
1383
1387
1387
1387
1387
1387
1374
1374
1374
1374
1374
1357
1357
1357
1357
1357
1357
1346
1346
1346
1346
1346
1340
1340
1340
1340
1340
1337
1337
1337
1337
1337
1337
1328
1328
1328
1328
1328
1329
1329
1329
1329
1329
1322
1322
1322
1322
1322
1322
1322
1322
1322
1322
1322
1299
1299
1299
1299
1299
1279
1279
1279
1279
1279
1279
1300
1300
1300
1300
1300
1314
1314
1314
1314
1314
1356
1356
1356
1356
1356
1356
1447
1447
1447
1447
1447
1545
1545
1545
1545
1545
1655
1655
1655
1655
1655
1655
1807
1807
1807
1807
1807
1959
1959
1959
1959
1959
2126
2126
2126
2126
2126
2126
2300
2300
2300
2300
2300
2487
2487
2487
2487
2487
2670
2670
2670
2670
2670
2670
2847
2847
2847
2847
2847
3024
3024
3024
3024
3024
3181
3181
3181
3181
3181
3181
3305
3305
3305
3305
3305
3406
3406
3406
3406
3406
3476
3476
3476
3476
3476
3476
3498
3498
3498
3498
3498
3507
3507
3507
3507
3507
3468
3468
3468
3468
3468
3468
3411
3411
3411
3411
3411
3362
3362
3362
3362
3362
3259
3259
3259
3259
3259
3259
3149
3149
3149
3149
3149
3016
3016
3016
3016
3016
2890
2890
2890
2890
2890
2890
2711
2711
2711
2711
2711
2548
2548
2548
2548
2548
2380
2380
2380
2380
2380
2380
2214
2214
2214
2214
2214
2055
2055
2055
2055
2055
1888
1888
1888
1888
1888
1888
1738
1738
1738
1738
1738
1596
1596
1596
1596
1596
1480
1480
1480
1480
1480
1480
1377
1377
1377
1377
1377
1276
1276
1276
1276
1276
1204
1204
1204
1204
1204
1204
1135
1135
1135
1135
1135
1096
1096
1096
1096
1096
1058
1058
1058
1058
1058
1058
1027
1027
1027
1027
1027
1016
1016
1016
1016
1016
1006
1006
1006
1006
1006
1006
1010
1010
1010
1010
1010
1005
1005
1005
1005
1005
1020
1020
1020
1020
1020
1020
1042
1042
1042
1042
1042
1070
1070
1070
1070
1070
1109
1109
1109
1109
1109
1109
1166
1166
1166
1166
1166
1233
1233
1233
1233
1233
1353
1353
1353
1353
1353
1353
1455
1455
1455
1455
1455
1589
1589
1589
1589
1589
1719
1719
1719
1719
1719
1719
1866
1866
1866
1866
1866
2057
2057
2057
2057
2057
2218
2218
2218
2218
2218
2218
2413
2413
2413
2413
2413
2567
2567
2567
2567
2567
2765
2765
2765
2765
2765
2765
2914
2914
2914
2914
2914
3076
3076
3076
3076
3076
3183
3183
3183
3183
3183
3183
3295
3295
3295
3295
3295
3397
3397
3397
3397
3397
3453
3453
3453
3453
3453
3453
3500
3500
3500
3500
3500
3507
3507
3507
3507
3507
3517
3517
3517
3517
3517
3517
3443
3443
3443
3443
3443
3364
3364
3364
3364
3364
3242
3242
3242
3242
3242
3242
3133
3133
3133
3133
3133
2978
2978
2978
2978
2978
2848
2848
2848
2848
2848
2848
2724
2724
2724
2724
2724
2637
2637
2637
2637
2637
2498
2498
2498
2498
2498
2498
2381
2381
2381
2381
2381
2242
2242
2242
2242
2242
2090
2090
2090
2090
2090
2090
1937
1937
1937
1937
1937
1786
1786
1786
1786
1786
1655
1655
1655
1655
1655
1655
1579
1579
1579
1579
1579
1485
1485
1485
1485
1485
1442
1442
1442
1442
1442
1442
1388
1388
1388
1388
1388
1353
1353
1353
1353
1353
1319
1319
1319
1319
1319
1319
1299
1299
1299
1299
1299
1276
1276
1276
1276
1276
1283
1283
1283
1283
1283
1283
1293
1293
1293
1293
1293
1317
1317
1317
1317
1317
1356
1356
1356
1356
1356
1356
1387
1387
1387
1387
1387
1418
1418
1418
1418
1418
1450
1450
1450
1450
1450
1450
1467
1467
1467
1467
1467
1483
1483
1483
1483
1483
1506
1506
1506
1506
1506
1506
1554
1554
1554
1554
1554
1614
1614
1614
1614
1614
1716
1716
1716
1716
1716
1716
1805
1805
1805
1805
1805
1926
1926
1926
1926
1926
2014
2014
2014
2014
2014
2014
2093
2093
2093
2093
2093
2132
2132
2132
2132
2132
2154
2154
2154
2154
2154
2154
2116
2116
2116
2116
2116
2122
2122
2122
2122
2122
2110
2110
2110
2110
2110
2110
2092
2092
2092
2092
2092
2122
2122
2122
2122
2122
2113
2113
2113
2113
2113
2113
2146
2146
2146
2146
2146
2141
2141
2141
2141
2141
2121
2121
2121
2121
2121
2121
2132
2132
2132
2132
2132
2111
2111
2111
2111
2111
2091
2091
2091
2091
2091
2091
2100
2100
2100
2100
2100
2070
2070
2070
2070
2070
2071
2071
2071
2071
2071
2071
2077
2077
2077
2077
2077
2060
2060
2060
2060
2060
2059
2059
2059
2059
2059
2059
2029
2029
2029
2029
2029
2026
2026
2026
2026
2026
2012
2012
2012
2012
2012
2012
2021
2021
2021
2021
2021
2033
2033
2033
2033
2033
2058
2058
2058
2058
2058
2058
2078
2078
2078
2078
2078
2080
2080
2080
2080
2080
2099
2099
2099
2099
2099
2099
2111
2111
2111
2111
2111
2118
2118
2118
2118
2118
2113
2113
2113
2113
2113
2113
2150
2150
2150
2150
2150
2166
2166
2166
2166
2166
2188
2188
2188
2188
2188
2188
2230
2230
2230
2230
2230
2267
2267
2267
2267
2267
2309
2309
2309
2309
2309
2309
2301
2301
2301
2301
2301
2313
2313
2313
2313
2313
2302
2302
2302
2302
2302
2302
2285
2285
2285
2285
2285
2266
2266
2266
2266
2266
2240
2240
2240
2240
2240
2240
2181
2181
2181
2181
2181
2144
2144
2144
2144
2144
2077
2077
2077
2077
2077
2077
2015
2015
2015
2015
2015
1945
1945
1945
1945
1945
1872
1872
1872
1872
1872
1872
1828
1828
1828
1828
1828
1763
1763
1763
1763
1763
1708
1708
1708
1708
1708
1708
1649
1649
1649
1649
1649
1633
1633
1633
1633
1633
1597
1597
1597
1597
1597
1597
1549
1549
1549
1549
1549
1534
1534
1534
1534
1534
1505
1505
1505
1505
1505
1505
1501
1501
1501
1501
1501
1503
1503
1503
1503
1503
1492
1492
1492
1492
1492
1492
1511
1511
1511
1511
1511
1532
1532
1532
1532
1532
1563
1563
1563
1563
1563
1563
1597
1597
1597
1597
1597
1631
1631
1631
1631
1631
1694
1694
1694
1694
1694
1694
1744
1744
1744
1744
1744
1801
1801
1801
1801
1801
1857
1857
1857
1857
1857
1857
1910
1910
1910
1910
1910
1980
1980
1980
1980
1980
2056
2056
2056
2056
2056
2056
2132
2132
2132
2132
2132
2191
2191
2191
2191
2191
2237
2237
2237
2237
2237
2237
2275
2275
2275
2275
2275
2313
2313
2313
2313
2313
2294
2294
2294
2294
2294
2294
2294
2294
2294
2294
2294
2272
2272
2272
2272
2272
2256
2256
2256
2256
2256
2256
2232
2232
2232
2232
2232
2190
2190
2190
2190
2190
2144
2144
2144
2144
2144
2144
2108
2108
2108
2108
2108
2079
2079
2079
2079
2079
2031
2031
2031
2031
2031
2031
2008
2008
2008
2008
2008
1971
1971
1971
1971
1971
1967
1967
1967
1967
1967
1967
1974
1974
1974
1974
1974
1963
1963
1963
1963
1963
1976
1976
1976
1976
1976
1976
1980
1980
1980
1980
1980
1993
1993
1993
1993
1993
2005
2005
2005
2005
2005
2005
2017
2017
2017
2017
2017
2008
2008
2008
2008
2008
1998
1998
1998
1998
1998
1998
1993
1993
1993
1993
1993
1967
1967
1967
1967
1967
1919
1919
1919
1919
1919
1919
1882
1882
1882
1882
1882
1853
1853
1853
1853
1853
1798
1798
1798
1798
1798
1798
1787
1787
1787
1787
1787
1768
1768
1768
1768
1768
1773
1773
1773
1773
1773
1773
1777
1777
1777
1777
1777
1809
1809
1809
1809
1809
1834
1834
1834
1834
1834
1834
1871
1871
1871
1871
1871
1901
1901
1901
1901
1901
1921
1921
1921
1921
1921
1921
1958
1958
1958
1958
1958
1985
1985
1985
1985
1985
2026
2026
2026
2026
2026
2026
2047
2047
2047
2047
2047
2089
2089
2089
2089
2089
2095
2095
2095
2095
2095
2095
2116
2116
2116
2116
2116
2136
2136
2136
2136
2136
2126
2126
2126
2126
2126
2126
2140
2140
2140
2140
2140
2144
2144
2144
2144
2144
2123
2123
2123
2123
2123
2123
2113
2113
2113
2113
2113
2112
2112
2112
2112
2112
2095
2095
2095
2095
2095
2095
2105
2105
2105
2105
2105
2086
2086
2086
2086
2086
2050
2050
2050
2050
2050
2050
2020
2020
2020
2020
2020
1976
1976
1976
1976
1976
1926
1926
1926
1926
1926
1926
1891
1891
1891
1891
1891
1865
1865
1865
1865
1865
1829
1829
1829
1829
1829
1829
1801
1801
1801
1801
1801
1756
1756
1756
1756
1756
1721
1721
1721
1721
1721
1721
1676
1676
1676
1676
1676
1643
1643
1643
1643
1643
1605
1605
1605
1605
1605
1605
1584
1584
1584
1584
1584
1569
1569
1569
1569
1569
1587
1587
1587
1587
1587
1587
1605
1605
1605
1605
1605
1649
1649
1649
1649
1649
1703
1703
1703
1703
1703
1703
1755
1755
1755
1755
1755
1813
1813
1813
1813
1813
1857
1857
1857
1857
1857
1857
1911
1911
1911
1911
1911
1969
1969
1969
1969
1969
2035
2035
2035
2035
2035
2035
2089
2089
2089
2089
2089
2134
2134
2134
2134
2134
2181
2181
2181
2181
2181
2181
2226
2226
2226
2226
2226
2251
2251
2251
2251
2251
2280
2280
2280
2280
2280
2280
2312
2312
2312
2312
2312
2311
2311
2311
2311
2311
2339
2339
2339
2339
2339
2339
2335
2335
2335
2335
2335
2365
2365
2365
2365
2365
2358
2358
2358
2358
2358
2358
2373
2373
2373
2373
2373
2397
2397
2397
2397
2397
2404
2404
2404
2404
2404
2404
2400
2400
2400
2400
2400
2428
2428
2428
2428
2428
2414
2414
2414
2414
2414
2414
2395
2395
2395
2395
2395
2377
2377
2377
2377
2377
2346
2346
2346
2346
2346
2346
2334
2334
2334
2334
2334
2296
2296
2296
2296
2296
2263
2263
2263
2263
2263
2263
2240
2240
2240
2240
2240
2209
2209
2209
2209
2209
2171
2171
2171
2171
2171
2171
2138
2138
2138
2138
2138
2102
2102
2102
2102
2102
2069
2069
2069
2069
2069
2069
2024
2024
2024
2024
2024
2023
2023
2023
2023
2023
1989
1989
1989
1989
1989
1989
1965
1965
1965
1965
1965
1958
1958
1958
1958
1958
1941
1941
1941
1941
1941
1941
1949
1949
1949
1949
1949
1941
1941
1941
1941
1941
1958
1958
1958
1958
1958
1958
1976
1976
1976
1976
1976
1978
1978
1978
1978
1978
2000
2000
2000
2000
2000
2000
2045
2045
2045
2045
2045
2055
2055
2055
2055
2055
2073
2073
2073
2073
2073
2073
2070
2070
2070
2070
2070
2083
2083
2083
2083
2083
2096
2096
2096
2096
2096
2096
2097
2097
2097
2097
2097
2071
2071
2071
2071
2071
2047
2047
2047
2047
2047
2047
2042
2042
2042
2042
2042
2028
2028
2028
2028
2028
2029
2029
2029
2029
2029
2029
2014
2014
2014
2014
2014
2027
2027
2027
2027
2027
2025
2025
2025
2025
2025
2025
2011
2011
2011
2011
2011
2026
2026
2026
2026
2026
2004
2004
2004
2004
2004
2004
2019
2019
2019
2019
2019
2022
2022
2022
2022
2022
2000
2000
2000
2000
2000
2000
1974
1974
1974
1974
1974
1982
1982
1982
1982
1982
1924
1924
1924
1924
1924
1924
1914
1914
1914
1914
1914
1893
1893
1893
1893
1893
1880
1880
1880
1880
1880
1880
1882
1882
1882
1882
1882
1872
1872
1872
1872
1872
1891
1891
1891
1891
1891
1891
1897
1897
1897
1897
1897
1913
1913
1913
1913
1913
1941
1941
1941
1941
1941
1941
1950
1950
1950
1950
1950
1978
1978
1978
1978
1978
2008
2008
2008
2008
2008
2008
2028
2028
2028
2028
2028
2050
2050
2050
2050
2050
2064
2064
2064
2064
2064
2064
2087
2087
2087
2087
2087
2113
2113
2113
2113
2113
2122
2122
2122
2122
2122
2122
2159
2159
2159
2159
2159
2171
2171
2171
2171
2171
2209
2209
2209
2209
2209
2209
2252
2252
2252
2252
2252
2284
2284
2284
2284
2284
2314
2314
2314
2314
2314
2314
2345
2345
2345
2345
2345
2357
2357
2357
2357
2357
2370
2370
2370
2370
2370
2370
2363
2363
2363
2363
2363
2364
2364
2364
2364
2364
2374
2374
2374
2374
2374
2374
2368
2368
2368
2368
2368
2354
2354
2354
2354
2354
2323
2323
2323
2323
2323
2323
2321
2321
2321
2321
2321
2316
2316
2316
2316
2316
2274
2274
2274
2274
2274
2274
2245
2245
2245
2245
2245
2210
2210
2210
2210
2210
2188
2188
2188
2188
2188
2188
2180
2180
2180
2180
2180
2155
2155
2155
2155
2155
2132
2132
2132
2132
2132
2132
2103
2103
2103
2103
2103
2058
2058
2058
2058
2058
2038
2038
2038
2038
2038
2038
2029
2029
2029
2029
2029
2006
2006
2006
2006
2006
2001
2001
2001
2001
2001
2001
1990
1990
1990
1990
1990
1967
1967
1967
1967
1967
1977
1977
1977
1977
1977
1977
1977
1977
1977
1977
1977
1984
1984
1984
1984
1984
1974
1974
1974
1974
1974
1974
1968
1968
1968
1968
1968
1970
1970
1970
1970
1970
1955
1955
1955
1955
1955
1955
1967
1967
1967
1967
1967
1979
1979
1979
1979
1979
1990
1990
1990
1990
1990
1990
2007
2007
2007
2007
2007
2014
2014
2014
2014
2014
2024
2024
2024
2024
2024
2024
2050
2050
2050
2050
2050
2067
2067
2067
2067
2067
2088
2088
2088
2088
2088
2088
2077
2077
2077
2077
2077
2114
2114
2114
2114
2114
2144
2144
2144
2144
2144
2144
2160
2160
2160
2160
2160
2192
2192
2192
2192
2192
2202
2202
2202
2202
2202
2202
2239
2239
2239
2239
2239
2280
2280
2280
2280
2280
2290
2290
2290
2290
2290
2290
2328
2328
2328
2328
2328
2375
2375
2375
2375
2375
2382
2382
2382
2382
2382
2382
2409
2409
2409
2409
2409
2423
2423
2423
2423
2423
2432
2432
2432
2432
2432
2432
2430
2430
2430
2430
2430
2412
2412
2412
2412
2412
2402
2402
2402
2402
2402
2402
2398
2398
2398
2398
2398
2357
2357
2357
2357
2357
2342
2342
2342
2342
2342
2342
2311
2311
2311
2311
2311
2289
2289
2289
2289
2289
2283
2283
2283
2283
2283
2283
2250
2250
2250
2250
2250
2224
2224
2224
2224
2224
2205
2205
2205
2205
2205
2205
2203
2203
2203
2203
2203
2189
2189
2189
2189
2189
2188
2188
2188
2188
2188
2188
2184
2184
2184
2184
2184
2181
2181
2181
2181
2181
2147
2147
2147
2147
2147
2147
2139
2139
2139
2139
2139
2133
2133
2133
2133
2133
2108
2108
2108
2108
2108
2108
2113
2113
2113
2113
2113
2061
2061
2061
2061
2061
2042
2042
2042
2042
2042
2042
2000
2000
2000
2000
2000
1964
1964
1964
1964
1964
1922
1922
1922
1922
1922
1922
1886
1886
1886
1886
1886
1847
1847
1847
1847
1847
1796
1796
1796
1796
1796
1796
1791
1791
1791
1791
1791
1757
1757
1757
1757
1757
1743
1743
1743
1743
1743
1743
1723
1723
1723
1723
1723
1731
1731
1731
1731
1731
1700
1700
1700
1700
1700
1700
1690
1690
1690
1690
1690
1685
1685
1685
1685
1685
1674
1674
1674
1674
1674
1674
1662
1662
1662
1662
1662
1637
1637
1637
1637
1637
1633
1633
1633
1633
1633
1633
1607
1607
1607
1607
1607
1601
1601
1601
1601
1601
1594
1594
1594
1594
1594
1594
1591
1591
1591
1591
1591
1585
1585
1585
1585
1585
1572
1572
1572
1572
1572
1572
1581
1581
1581
1581
1581
1595
1595
1595
1595
1595
1609
1609
1609
1609
1609
1609
1624
1624
1624
1624
1624
1655
1655
1655
1655
1655
1680
1680
1680
1680
1680
1680
1696
1696
1696
1696
1696
1723
1723
1723
1723
1723
1765
1765
1765
1765
1765
1765
1809
1809
1809
1809
1809
1837
1837
1837
1837
1837
1877
1877
1877
1877
1877
1877
1913
1913
1913
1913
1913
1944
1944
1944
1944
1944
1977
1977
1977
1977
1977
1977
1997
1997
1997
1997
1997
2023
2023
2023
2023
2023
2053
2053
2053
2053
2053
2053
2075
2075
2075
2075
2075
2081
2081
2081
2081
2081
2098
2098
2098
2098
2098
2098
2121
2121
2121
2121
2121
2140
2140
2140
2140
2140
2154
2154
2154
2154
2154
2154
2146
2146
2146
2146
2146
2150
2150
2150
2150
2150
2159
2159
2159
2159
2159
2159
2170
2170
2170
2170
2170
2152
2152
2152
2152
2152
2168
2168
2168
2168
2168
2168
2187
2187
2187
2187
2187
2207
2207
2207
2207
2207
2186
2186
2186
2186
2186
2186
2191
2191
2191
2191
2191
2185
2185
2185
2185
2185
2167
2167
2167
2167
2167
2167
2143
2143
2143
2143
2143
2115
2115
2115
2115
2115
2117
2117
2117
2117
2117
2117
2086
2086
2086
2086
2086
2080
2080
2080
2080
2080
2064
2064
2064
2064
2064
2064
2034
2034
2034
2034
2034
2018
2018
2018
2018
2018
2008
2008
2008
2008
2008
2008
1974
1974
1974
1974
1974
1952
1952
1952
1952
1952
1957
1957
1957
1957
1957
1957
1946
1946
1946
1946
1946
1949
1949
1949
1949
1949
1940
1940
1940
1940
1940
1940
1956
1956
1956
1956
1956
1944
1944
1944
1944
1944
1958
1958
1958
1958
1958
1958
1951
1951
1951
1951
1951
1963
1963
1963
1963
1963
1951
1951
1951
1951
1951
1951
1941
1941
1941
1941
1941
1944
1944
1944
1944
1944
1926
1926
1926
1926
1926
1926
1908
1908
1908
1908
1908
1875
1875
1875
1875
1875
1849
1849
1849
1849
1849
1849
1797
1797
1797
1797
1797
1764
1764
1764
1764
1764
1731
1731
1731
1731
1731
1731
1688
1688
1688
1688
1688
1666
1666
1666
1666
1666
1648
1648
1648
1648
1648
1648
1651
1651
1651
1651
1651
1664
1664
1664
1664
1664
1674
1674
1674
1674
1674
1674
1694
1694
1694
1694
1694
1736
1736
1736
1736
1736
1773
1773
1773
1773
1773
1773
1816
1816
1816
1816
1816
1858
1858
1858
1858
1858
1896
1896
1896
1896
1896
1896
1936
1936
1936
1936
1936
1944
1944
1944
1944
1944
1957
1957
1957
1957
1957
1957
1974
1974
1974
1974
1974
1978
1978
1978
1978
1978
1988
1988
1988
1988
1988
1988
1988
1988
1988
1988
1988
1995
1995
1995
1995
1995
2016
2016
2016
2016
2016
2016
2018
2018
2018
2018
2018
2040
2040
2040
2040
2040
2043
2043
2043