2223
2223
2225
2225
2225
2225
2225
2252
2252
2252
2252
2252
2209
2209
2209
2209
2209
2209
2233
2233
2233
2233
2233
2204
2204
2204
2204
2204
2208
2208
2208
2208
2208
2208
2236
2236
2236
2236
2236
2195
2195
2195
2195
2195
2232
2232
2232
2232
2232
2232
2207
2207
2207
2207
2207
2244
2244
2244
2244
2244
2239
2239
2239
2239
2239
2239
2198
2198
2198
2198
2198
2261
2261
2261
2261
2261
2224
2224
2224
2224
2224
2224
2206
2206
2206
2206
2206
2244
2244
2244
2244
2244
2238
2238
2238
2238
2238
2238
2259
2259
2259
2259
2259
2207
2207
2207
2207
2207
2195
2195
2195
2195
2195
2195
2207
2207
2207
2207
2207
2227
2227
2227
2227
2227
2180
2180
2180
2180
2180
2180
2250
2250
2250
2250
2250
2215
2215
2215
2215
2215
2214
2214
2214
2214
2214
2214
2191
2191
2191
2191
2191
2225
2225
2225
2225
2225
2215
2215
2215
2215
2215
2215
2243
2243
2243
2243
2243
2187
2187
2187
2187
2187
2189
2189
2189
2189
2189
2189
2227
2227
2227
2227
2227
2216
2216
2216
2216
2216
2225
2225
2225
2225
2225
2225
2219
2219
2219
2219
2219
2233
2233
2233
2233
2233
2211
2211
2211
2211
2211
2211
2236
2236
2236
2236
2236
2259
2259
2259
2259
2259
2208
2208
2208
2208
2208
2208
2220
2220
2220
2220
2220
2221
2221
2221
2221
2221
2214
2214
2214
2214
2214
2214
2179
2179
2179
2179
2179
2211
2211
2211
2211
2211
2174
2174
2174
2174
2174
2174
2226
2226
2226
2226
2226
2237
2237
2237
2237
2237
2199
2199
2199
2199
2199
2199
2223
2223
2223
2223
2223
2183
2183
2183
2183
2183
2246
2246
2246
2246
2246
2246
2223
2223
2223
2223
2223
2170
2170
2170
2170
2170
2214
2214
2214
2214
2214
2214
2227
2227
2227
2227
2227
2208
2208
2208
2208
2208
2235
2235
2235
2235
2235
2235
2250
2250
2250
2250
2250
2187
2187
2187
2187
2187
2242
2242
2242
2242
2242
2242
2198
2198
2198
2198
2198
2212
2212
2212
2212
2212
2198
2198
2198
2198
2198
2198
2205
2205
2205
2205
2205
2168
2168
2168
2168
2168
2230
2230
2230
2230
2230
2230
2206
2206
2206
2206
2206
2152
2152
2152
2152
2152
2190
2190
2190
2190
2190
2190
2183
2183
2183
2183
2183
2226
2226
2226
2226
2226
2208
2208
2208
2208
2208
2208
2162
2162
2162
2162
2162
2205
2205
2205
2205
2205
2238
2238
2238
2238
2238
2238
2214
2214
2214
2214
2214
2195
2195
2195
2195
2195
2196
2196
2196
2196
2196
2196
2228
2228
2228
2228
2228
2198
2198
2198
2198
2198
2181
2181
2181
2181
2181
2181
2202
2202
2202
2202
2202
2180
2180
2180
2180
2180
2249
2249
2249
2249
2249
2249
2169
2169
2169
2169
2169
2231
2231
2231
2231
2231
2227
2227
2227
2227
2227
2227
2157
2157
2157
2157
2157
2228
2228
2228
2228
2228
2208
2208
2208
2208
2208
2208
2152
2152
2152
2152
2152
2222
2222
2222
2222
2222
2166
2166
2166
2166
2166
2166
2174
2174
2174
2174
2174
2210
2210
2210
2210
2210
2194
2194
2194
2194
2194
2194
2209
2209
2209
2209
2209
2186
2186
2186
2186
2186
2209
2209
2209
2209
2209
2209
2185
2185
2185
2185
2185
2234
2234
2234
2234
2234
2191
2191
2191
2191
2191
2191
2222
2222
2222
2222
2222
2172
2172
2172
2172
2172
2183
2183
2183
2183
2183
2183
2222
2222
2222
2222
2222
2213
2213
2213
2213
2213
2182
2182
2182
2182
2182
2182
2229
2229
2229
2229
2229
2217
2217
2217
2217
2217
2228
2228
2228
2228
2228
2228
2188
2188
2188
2188
2188
2232
2232
2232
2232
2232
2229
2229
2229
2229
2229
2229
2187
2187
2187
2187
2187
2168
2168
2168
2168
2168
2219
2219
2219
2219
2219
2219
2181
2181
2181
2181
2181
2190
2190
2190
2190
2190
2185
2185
2185
2185
2185
2185
2177
2177
2177
2177
2177
2187
2187
2187
2187
2187
2223
2223
2223
2223
2223
2223
2160
2160
2160
2160
2160
2188
2188
2188
2188
2188
2189
2189
2189
2189
2189
2189
2187
2187
2187
2187
2187
2226
2226
2226
2226
2226
2183
2183
2183
2183
2183
2183
2192
2192
2192
2192
2192
2199
2199
2199
2199
2199
2229
2229
2229
2229
2229
2229
2203
2203
2203
2203
2203
2221
2221
2221
2221
2221
2167
2167
2167
2167
2167
2167
2196
2196
2196
2196
2196
2199
2199
2199
2199
2199
2225
2225
2225
2225
2225
2225
2243
2243
2243
2243
2243
2175
2175
2175
2175
2175
2246
2246
2246
2246
2246
2246
2224
2224
2224
2224
2224
2242
2242
2242
2242
2242
2226
2226
2226
2226
2226
2226
2189
2189
2189
2189
2189
2192
2192
2192
2192
2192
2193
2193
2193
2193
2193
2193
2226
2226
2226
2226
2226
2206
2206
2206
2206
2206
2231
2231
2231
2231
2231
2231
2197
2197
2197
2197
2197
2245
2245
2245
2245
2245
2213
2213
2213
2213
2213
2213
2194
2194
2194
2194
2194
2243
2243
2243
2243
2243
2219
2219
2219
2219
2219
2219
2216
2216
2216
2216
2216
2223
2223
2223
2223
2223
2263
2263
2263
2263
2263
2263
2226
2226
2226
2226
2226
2248
2248
2248
2248
2248
2208
2208
2208
2208
2208
2208
2207
2207
2207
2207
2207
2183
2183
2183
2183
2183
2205
2205
2205
2205
2205
2205
2232
2232
2232
2232
2232
2224
2224
2224
2224
2224
2221
2221
2221
2221
2221
2221
2205
2205
2205
2205
2205
2206
2206
2206
2206
2206
2236
2236
2236
2236
2236
2236
2242
2242
2242
2242
2242
2231
2231
2231
2231
2231
2234
2234
2234
2234
2234
2234
2215
2215
2215
2215
2215
2255
2255
2255
2255
2255
2232
2232
2232
2232
2232
2232
2230
2230
2230
2230
2230
2260
2260
2260
2260
2260
2218
2218
2218
2218
2218
2218
2235
2235
2235
2235
2235
2209
2209
2209
2209
2209
2209
2209
2209
2209
2209
2209
2211
2211
2211
2211
2211
2274
2274
2274
2274
2274
2238
2238
2238
2238
2238
2238
2215
2215
2215
2215
2215
2211
2211
2211
2211
2211
2186
2186
2186
2186
2186
2186
2218
2218
2218
2218
2218
2231
2231
2231
2231
2231
2210
2210
2210
2210
2210
2210
2228
2228
2228
2228
2228
2248
2248
2248
2248
2248
2232
2232
2232
2232
2232
2232
2214
2214
2214
2214
2214
2223
2223
2223
2223
2223
2243
2243
2243
2243
2243
2243
2221
2221
2221
2221
2221
2221
2221
2221
2221
2221
2234
2234
2234
2234
2234
2234
2240
2240
2240
2240
2240
2245
2245
2245
2245
2245
2245
2245
2245
2245
2245
2245
2240
2240
2240
2240
2240
2242
2242
2242
2242
2242
2251
2251
2251
2251
2251
2251
2211
2211
2211
2211
2211
2234
2234
2234
2234
2234
2228
2228
2228
2228
2228
2228
2235
2235
2235
2235
2235
2244
2244
2244
2244
2244
2239
2239
2239
2239
2239
2239
2233
2233
2233
2233
2233
2221
2221
2221
2220
2220
2220
2220
2220
2220
2249
2249
2249
2249
2249
2258
2258
2258
2258
2258
2249
2249
2249
2249
2249
2249
2242
2242
2242
2242
2242
2263
2263
2263
2263
2263
2271
2271
2271
2271
2271
2271
2275
2275
2275
2275
2275
2257
2257
2257
2257
2257
2257
2257
2257
2257
2257
2257
2213
2213
2213
2213
2213
2179
2179
2179
2179
2179
2195
2195
2195
2195
2195
2195
2160
2160
2160
2160
2160
2159
2159
2159
2159
2159
2155
2155
2155
2155
2155
2155
2153
2153
2153
2153
2153
2166
2166
2166
2166
2166
2182
2182
2182
2182
2182
2182
2197
2197
2197
2197
2197
2216
2216
2216
2216
2216
2210
2210
2210
2210
2210
2210
2218
2218
2218
2218
2218
2244
2244
2244
2244
2244
2238
2238
2238
2238
2238
2238
2232
2232
2232
2232
2232
2236
2236
2236
2236
2236
2206
2206
2206
2206
2206
2206
2214
2214
2214
2214
2214
2183
2183
2183
2183
2183
2213
2213
2213
2213
2213
2213
2168
2168
2168
2168
2168
2192
2192
2192
2192
2192
2195
2195
2195
2195
2195
2195
2201
2201
2201
2201
2201
2196
2196
2196
2196
2196
2165
2165
2165
2165
2165
2165
2195
2195
2195
2195
2195
2229
2229
2229
2229
2229
2197
2197
2197
2197
2197
2197
2197
2197
2197
2197
2197
2220
2220
2220
2220
2220
2216
2216
2216
2216
2216
2216
2221
2221
2221
2221
2221
2198
2198
2198
2198
2198
2203
2203
2203
2203
2203
2203
2206
2206
2206
2206
2206
2166
2166
2166
2166
2166
2198
2198
2198
2198
2198
2198
2209
2209
2209
2209
2209
2207
2207
2207
2207
2207
2184
2184
2184
2184
2184
2184
2226
2226
2226
2226
2226
2188
2188
2188
2188
2188
2216
2216
2216
2216
2216
2216
2196
2196
2196
2196
2196
2233
2233
2233
2233
2233
2214
2214
2214
2214
2214
2214
2210
2210
2210
2210
2210
2182
2182
2182
2182
2182
2157
2157
2157
2157
2157
2157
2201
2201
2201
2201
2201
2169
2169
2169
2169
2169
2183
2183
2183
2183
2183
2183
2185
2185
2185
2185
2185
2178
2178
2178
2178
2178
2180
2180
2180
2180
2180
2180
2193
2193
2193
2193
2193
2174
2174
2174
2174
2174
2168
2168
2168
2168
2168
2168
2212
2212
2212
2212
2212
2174
2174
2174
2174
2174
2189
2189
2189
2189
2189
2189
2155
2155
2155
2155
2155
2148
2148
2148
2148
2148
2163
2163
2163
2163
2163
2163
2166
2166
2166
2166
2166
2187
2187
2187
2187
2187
2153
2153
2153
2153
2153
2153
2166
2166
2166
2166
2166
2181
2181
2181
2181
2181
2183
2183
2183
2183
2183
2183
2135
2135
2135
2135
2135
2160
2160
2160
2160
2160
2133
2133
2133
2133
2133
2133
2166
2166
2166
2166
2166
2108
2108
2108
2108
2108
2128
2128
2128
2128
2128
2128
2172
2172
2172
2172
2172
2131
2131
2131
2131
2131
2164
2164
2164
2164
2164
2164
2086
2086
2086
2086
2086
2146
2146
2146
2146
2146
2101
2101
2101
2101
2101
2101
2138
2138
2138
2138
2138
2102
2102
2102
2102
2102
2123
2123
2123
2123
2123
2123
2149
2149
2149
2149
2149
2090
2090
2090
2090
2090
2154
2154
2154
2154
2154
2154
2100
2100
2100
2100
2100
2146
2146
2146
2146
2146
2095
2095
2095
2095
2095
2095
2140
2140
2140
2140
2140
2154
2154
2154
2154
2154
2128
2128
2128
2128
2128
2128
2111
2111
2111
2111
2111
2092
2092
2092
2092
2092
2118
2118
2118
2118
2118
2118
2028
2028
2028
2028
2028
2122
2122
2122
2122
2122
2048
2048
2048
2048
2048
2048
2105
2105
2105
2105
2105
2081
2081
2081
2081
2081
2086
2086
2086
2086
2086
2086
2041
2041
2041
2041
2041
2042
2042
2042
2042
2042
2037
2037
2037
2037
2037
2037
1969
1969
1969
1969
1969
1967
1967
1967
1967
1967
1924
1924
1924
1924
1924
1924
1910
1910
1910
1910
1910
1853
1853
1853
1853
1853
1855
1855
1855
1855
1855
1855
1798
1798
1798
1798
1798
1821
1821
1821
1821
1821
1826
1826
1826
1826
1826
1826
1792
1792
1792
1792
1792
1825
1825
1825
1825
1825
1785
1785
1785
1785
1785
1785
1800
1800
1800
1800
1800
1808
1808
1808
1808
1808
1814
1814
1814
1814
1814
1814
1825
1825
1825
1825
1825
1841
1841
1841
1841
1841
1880
1880
1880
1880
1880
1880
1910
1910
1910
1910
1910
1972
1972
1972
1972
1972
2047
2047
2047
2047
2047
2047
2090
2090
2090
2090
2090
2126
2126
2126
2126
2126
2172
2172
2172
2172
2172
2172
2119
2119
2119
2119
2119
2163
2163
2163
2163
2163
2122
2122
2122
2122
2122
2122
2073
2073
2073
2073
2073
2073
2073
2073
2073
2073
2016
2016
2016
2016
2016
2016
2006
2006
2006
2006
2006
1952
1952
1952
1952
1952
2038
2038
2038
2038
2038
2038
1984
1984
1984
1984
1984
2038
2038
2038
2038
2038
2085
2085
2085
2085
2085
2085
2128
2128
2128
2128
2128
2187
2187
2187
2187
2187
2187
2187
2187
2187
2187
2187
2235
2235
2235
2235
2235
2162
2162
2162
2162
2162
2177
2177
2177
2177
2177
2177
2147
2147
2147
2147
2147
2112
2112
2112
2112
2112
1993
1993
1993
1993
1993
1993
1927
1927
1927
1927
1927
1890
1890
1890
1890
1890
1860
1860
1860
1860
1860
1860
1819
1819
1819
1819
1819
1819
1819
1819
1819
1819
1843
1843
1843
1843
1843
1843
1921
1921
1921
1921
1921
2012
2012
2012
2012
2012
2054
2054
2054
2054
2054
2054
2224
2224
2224
2224
2224
2276
2276
2276
2276
2276
2363
2363
2363
2363
2363
2363
2431
2431
2431
2431
2431
2532
2532
2532
2532
2532
2539
2539
2539
2539
2539
2539
2557
2557
2557
2557
2557
2519
2519
2519
2519
2519
2461
2461
2461
2461
2461
2461
2447
2447
2447
2447
2447
2339
2339
2339
2339
2339
2360
2360
2360
2360
2360
2360
2269
2269
2269
2269
2269
2247
2247
2247
2247
2247
2283
2283
2283
2283
2283
2283
2259
2259
2259
2259
2259
2329
2329
2329
2329
2329
2329
2329
2329
2329
2329
2329
2333
2333
2333
2333
2333
2372
2372
2372
2372
2372
2364
2364
2364
2364
2364
2364
2384
2384
2384
2384
2384
2432
2432
2432
2432
2432
2346
2346
2346
2346
2346
2346
2345
2345
2345
2345
2345
2345
2345
2345
2345
2345
2293
2293
2293
2293
2293
2293
2331
2331
2331
2331
2331
2267
2267
2267
2267
2267
2239
2239
2239
2239
2239
2239
2236
2236
2236
2236
2236
2188
2188
2188
2188
2188
2104
2104
2104
2104
2104
2104
2069
2069
2069
2069
2069
2060
2060
2060
2060
2060
1998
1998
1998
1998
1998
1998
2012
2012
2012
2012
2012
2026
2026
2026
2026
2026
1991
1991
1991
1991
1991
1991
2052
2052
2052
2052
2052
2123
2123
2123
2123
2123
2122
2122
2122
2122
2122
2122
2133
2133
2133
2133
2133
2216
2216
2216
2216
2216
2140
2140
2140
2140
2140
2140
2156
2156
2156
2156
2156
2027
2027
2027
2027
2027
2018
2018
2018
2018
2018
2018
1876
1876
1876
1876
1876
1865
1865
1865
1865
1865
1793
1793
1793
1793
1793
1793
1761
1761
1761
1761
1761
1737
1737
1737
1737
1737
1682
1682
1682
1682
1682
1682
1680
1680
1680
1680
1680
1642
1642
1642
1642
1642
1637
1637
1637
1637
1637
1637
1515
1515
1515
1515
1515
1472
1472
1472
1472
1472
1351
1351
1351
1351
1351
1351
1199
1199
1199
1199
1199
1096
1096
1096
1096
1096
1016
1016
1016
1016
1016
1016
924
924
924
924
924
793
793
793
793
793
838
838
838
838
838
838
958
958
958
958
958
1275
1275
1275
1275
1275
1743
1743
1743
1743
1743
1743
2285
2285
2285
2285
2285
2858
2858
2858
2858
2858
3371
3371
3371
3371
3371
3371
3809
3809
3809
3809
3809
4041
4041
4041
4041
4041
4044
4044
4044
4044
4044
4044
4005
4005
4005
4005
4005
3903
3903
3903
3903
3903
3699
3699
3699
3699
3699
3699
3345
3345
3345
3345
3345
3083
3083
3083
3083
3083
2880
2880
2880
2880
2880
2880
2732
2732
2732
2732
2732
2595
2595
2595
2595
2595
2620
2620
2620
2620
2620
2620
2643
2643
2643
2643
2643
2658
2658
2658
2658
2658
2744
2744
2744
2744
2744
2744
2789
2789
2789
2789
2789
2814
2814
2814
2814
2814
2799
2799
2799
2799
2799
2799
2734
2734
2734
2734
2734
2658
2658
2658
2658
2658
2581
2581
2581
2581
2581
2581
2502
2502
2502
2502
2502
2467
2467
2467
2467
2467
2567
2567
2567
2567
2567
2567
2666
2666
2666
2666
2666
2757
2757
2757
2757
2757
2815
2815
2815
2815
2815
2815
2885
2885
2885
2885
2885
2985
2985
2985
2985
2985
3113
3113
3113
3113
3113
3113
3145
3145
3145
3145
3145
3236
3236
3236
3236
3236
3300
3300
3300
3300
3300
3300
3468
3468
3468
3468
3468
3640
3640
3640
3640
3640
3846
3846
3846
3846
3846
3846
3993
3993
3993
3993
3993
4061
4061
4061
4061
4061
4094
4094
4094
4094
4094
4094
4095
4095
4095
4095
4095
4095
4095
4095
4095
4095
4095
4095
4095
4095
4095
4095
4095
4095
4095
4095
4095
4095
4095
4095
4095
4095
4095
4095
4095
4095
4095
4095
4095
4095
4095
4095
4095
4095
4095
4095
4095
4095
4095
4095
4095
4095
4095
4095
4081
4081
4081
4081
4081
4089
4089
4089
4089
4089
4090
4090
4090
4090
4090
4090
4089
4089
4089
4089
4089
4090
4090
4090
4090
4090
4095
4095
4095
4095
4095
4095
4095
4095
4095
4095
4095
4095
4095
4095
4095
4095
4095
4095
4095
4095
4095
4095
4095
4095
4095
4095
4095
4093
4093
4093
4093
4093
4070
4070
4070
4070
4070
4070
4040
4040
4040
4040
4040
3883
3883
3883
3883
3883
3459
3459
3459
3459
3459
3459
2990
2990
2990
2990
2990
2455
2455
2455
2455
2455
2038
2038
2038
2038
2038
2038
1562
1562
1562
1562
1562
1173
1173
1173
1173
1173
844
844
844
844
844
844
616
616
616
616
616
414
414
414
414
414
338
338
338
338
338
338
231
231
231
231
231
212
212
212
212
212
169
169
169
169
169
169
134
134
134
134
134
142
142
142
142
142
123
123
123
123
123
123
140
140
140
140
140
140
140
140
140
140
105
105
105
105
105
105
63
63
63
63
63
22
22
22
22
22
17
17
17
17
17
17
15
15
15
15
15
0
0
0
0
0
0
0
0
0
0
0
0
0
0
0
0
0
0
0
0
0
31
31
31
31
31
31
52
52
52
52
52
107
107
107
107
107
187
187
187
187
187
187
286
286
286
286
286
456
456
456
456
456
703
703
703
703
703
703
997
997
997
997
997
1353
1353
1353
1353
1353
1635
1635
1635
1635
1635
1635
1986
1986
1986
1986
1986
2237
2237
2237
2237
2237
2531
2531
2531
2531
2531
2531
2759
2759
2759
2759
2759
3051
3051
3051
3051
3051
3267
3267
3267
3267
3267
3267
3572
3572
3572
3572
3572
3893
3893
3893
3893
3893
4055
4055
4055
4055
4055
4055
4087
4087
4087
4087
4087
4095
4095
4095
4095
4095
4095
4095
4095
4095
4095
4095
4095
4095
4095
4095
4095
4095
4095
4095
4095
4095
4095
4095
4095
4095
4095
4095
4095
4095
4095
4095
4095
4095
4095
4095
4095
4095
4095
4095
4095
4095
4095
4095
4095
4095
4095
4095
4095
4095
4095
4095
4095
4095
4095
4095
4095
4095
4095
4095
4095
4095
4095
4095
4095
4095
4095
4095
4095
4095
4078
4078
4078
4078
4078
4078
4069
4069
4069
4069
4069
3965
3965
3965
3965
3965
3710
3710
3710
3710
3710
3710
3460
3460
3460
3460
3460
3157
3157
3157
3157
3157
2884
2884
2884
2884
2884
2884
2613
2613
2613
2613
2613
2434
2434
2434
2434
2434
2192
2192
2192
2192
2192
2192
2016
2016
2016
2016
2016
1830
1830
1830
1830
1830
1619
1619
1619
1619
1619
1619
1437
1437
1437
1437
1437
1198
1198
1198
1198
1198
976
976
976
976
976
976
786
786
786
786
786
630
630
630
630
630
497
497
497
497
497
497
394
394
394
394
394
375
375
375
375
375
360
360
360
360
360
360
351
351
351
351
351
403
403
403
403
403
391
391
391
391
391
391
390
390
390
390
390
415
415
415
415
415
454
454
454
454
454
454
527
527
527
527
527
630
630
630
630
630
751
751
751
751
751
751
935
935
935
935
935
1208
1208
1208
1208
1208
1458
1458
1458
1458
1458
1458
1782
1782
1782
1782
1782
2187
2187
2187
2187
2187
2572
2572
2572
2572
2572
2572
3004
3004
3004
3004
3004
3342
3342
3342
3342
3342
3652
3652
3652
3652
3652
3652
3868
3868
3868
3868
3868
3829
3829
3829
3829
3829
3740
3740
3740
3740
3740
3740
3436
3436
3436
3436
3436
3090
3090
3090
3090
3090
2721
2721
2721
2721
2721
2721
2392
2392
2392
2392
2392
1993
1993
1993
1993
1993
1751
1751
1751
1751
1751
1751
1457
1457
1457
1457
1457
1331
1331
1331
1331
1331
1211
1211
1211
1211
1211
1211
1097
1097
1097
1097
1097
1015
1015
1015
1015
1015
1042
1042
1042
1042
1106
1106
1106
1106
1106
1161
1161
1161
1161
1161
1305
1305
1305
1305
1305
1305
1441
1441
1441
1441
1441
1581
1581
1581
1581
1581
1656
1656
1656
1656
1656
1656
1669
1669
1669
1669
1669
1676
1676
1676
1676
1676
1649
1649
1649
1649
1649
1649
1477
1477
1477
1477
1477
1363
1363
1363
1363
1363
1190
1190
1190
1190
1190
1190
1128
1128
1128
1128
1128
1038
1038
1038
1038
1038
983
983
983
983
983
983
1020
1020
1020
1020
1020
1113
1113
1113
1113
1113
1203
1203
1203
1203
1203
1203
1329
1329
1329
1329
1329
1405
1405
1405
1405
1405
1541
1541
1541
1541
1541
1541
1609
1609
1609
1609
1609
1664
1664
1664
1664
1664
1692
1692
1692
1692
1692
1692
1703
1703
1703
1703
1703
1732
1732
1732
1732
1732
1738
1738
1738
1738
1738
1738
1711
1711
1711
1711
1711
1695
1695
1695
1695
1695
1653
1653
1653
1653
1653
1653
1640
1640
1640
1640
1640
1643
1643
1643
1643
1643
1616
1616
1616
1616
1616
1616
1635
1635
1635
1635
1635
1725
1725
1725
1725
1725
1736
1736
1736
1736
1736
1736
1798
1798
1798
1798
1798
1853
1853
1853
1853
1853
1982
1982
1982
1982
1982
1982
2098
2098
2098
2098
2098
2231
2231
2231
2231
2231
2386
2386
2386
2386
2386
2386
2636
2636
2636
2636
2636
2815
2815
2815
2815
2815
2971
2971
2971
2971
2971
2971
3173
3173
3173
3173
3173
3318
3318
3318
3318
3318
3414
3414
3414
3414
3414
3414
3523
3523
3523
3523
3523
3566
3566
3566
3566
3566
3616
3616
3616
3616
3616
3616
3602
3602
3602
3602
3602
3571
3571
3571
3571
3571
3541
3541
3541
3541
3541
3541
3497
3497
3497
3497
3497
3444
3444
3444
3444
3444
3375
3375
3375
3375
3375
3375
3363
3363
3363
3363
3363
3368
3368
3368
3368
3368
3346
3346
3346
3346
3346
3346
3443
3443
3443
3443
3443
3521
3521
3521
3521
3521
3536
3536
3536
3536
3536
3536
3689
3689
3689
3689
3689
3746
3746
3746
3746
3746
3832
3832
3832
3832
3832
3832
3925
3925
3925
3925
3925
3938
3938
3938
3938
3938
3970
3970
3970
3970
3970
3970
3887
3887
3887
3887
3887
3774
3774
3774
3774
3774
3665
3665
3665
3665
3665
3665
3566
3566
3566
3566
3566
3442
3442
3442
3442
3442
3332
3332
3332
3332
3332
3332
3251
3251
3251
3251
3251
3221
3221
3221
3221
3221
3053
3053
3053
3053
3053
3053
3009
3009
3009
3009
3009
2928
2928
2928
2928
2928
2730
2730
2730
2730
2730
2730
2556
2556
2556
2556
2556
2272
2272
2272
2272
2272
2040
2040
2040
2040
2040
2040
1756
1756
1756
1756
1756
1472
1472
1472
1472
1472
1243
1243
1243
1243
1243
1243
1001
1001
1001
1001
1001
908
908
908
908
908
782
782
782
782
782
782
671
671
671
671
671
636
636
636
636
636
613
613
613
613
613
613
533
533
533
533
533
576
576
576
576
576
562
562
562
562
562
562
549
549
549
549
549
540
540
540
540
540
523
523
523
523
523
523
528
528
528
528
528
526
526
526
526
526
568
568
568
568
568
568
686
686
686
686
686
770
770
770
770
770
975
975
975
975
975
975
1186
1186
1186
1186
1186
1376
1376
1376
1376
1376
1651
1651
1651
1651
1651
1651
1933
1933
1933
1933
1933
2199
2199
2199
2199
2199
2493
2493
2493
2493
2493
2493
2738
2738
2738
2738
2738
3095
3095
3095
3095
3095
3332
3332
3332
3332
3332
3332
3619
3619
3619
3619
3619
3910
3910
3910
3910
3910
4040
4040
4040
4040
4040
4040
4078
4078
4078
4078
4078
4088
4088
4088
4088
4088
4086
4086
4086
4086
4086
4086
4095
4095
4095
4095
4095
4095
4095
4095
4095
4095
4095
4095
4095
4095
4095
4095
4095
4095
4095
4095
4095
4095
4095
4095
4095
4095
4095
4095
4095
4095
4095
4095
4095
4095
4095
4095
4095
4095
4095
4095
4095
4095
4095
4095
4095
4095
4095
4095
4083
4083
4083
4083
4083
4073
4073
4073
4073
4073
4061
4061
4061
4061
4061
4061
3979
3979
3979
3979
3979
3774
3774
3774
3774
3774
3512
3512
3512
3512
3512
3512
3297
3297
3297
3297
3297
3081
3081
3081
3081
3081
2774
2774
2774
2774
2774
2774
2591
2591
2591
2591
2591
2295
2295
2295
2295
2295
2033
2033
2033
2033
2033
2033
1865
1865
1865
1865
1865
1602
1602
1602
1602
1602
1390
1390
1390
1390
1390
1390
1229
1229
1229
1229
1229
1030
1030
1030
1030
1030
878
878
878
878
878
878
747
747
747
747
747
634
634
634
634
634
574
574
574
574
574
574
496
496
496
496
496
461
461
461
461
461
442
442
442
442
442
442
429
429
429
429
429
534
534
534
534
534
617
617
617
617
617
617
710
710
710
710
710
817
817
817
817
817
951
951
951
951
951
951
1055
1055
1055
1055
1055
1129
1129
1129
1129
1129
1257
1257
1257
1257
1257
1257
1396
1396
1396
1396
1396
1531
1531
1531
1531
1531
1744
1744
1744
1744
1744
1744
1946
1946
1946
1946
1946
2153
2153
2153
2153
2153
2378
2378
2378
2378
2378
2378
2577
2577
2577
2577
2577
2739
2739
2739
2739
2739
2890
2890
2890
2890
2890
2890
2926
2926
2926
2926
2926
2971
2971
2971
2971
2971
2906
2906
2906
2906
2906
2906
2898
2898
2898
2898
2898
2778
2778
2778
2778
2778
2749
2749
2749
2749
2749
2749
2728
2728
2728
2728
2728
2691
2691
2691
2691
2691
2644
2644
2644
2644
2644
2644
2731
2731
2731
2731
2731
2724
2724
2724
2724
2724
2686
2686
2686
2686
2686
2686
2696
2696
2696
2696
2696
2615
2615
2615
2615
2615
2685
2685
2685
2685
2685
2685
2538
2538
2538
2538
2538
2533
2533
2533
2533
2533
2510
2510
2510
2510
2510
2510
2501
2501
2501
2501
2501
2521
2521
2521
2521
2521
2544
2544
2544
2544
2544
2544
2625
2625
2625
2625
2625
2663
2663
2663
2663
2663
2775
2775
2775
2775
2775
2775
2852
2852
2852
2852
2852
2966
2966
2966
2966
2966
2909
2909
2909
2909
2909
2909
3000
3000
3000
3000
3000
3029
3029
3029
3029
3029
3031
3031
3031
3031
3031
3031
3078
3078
3078
3078
3078
3086
3086
3086
3086
3086
3119
3119
3119
3119
3119
3119
3055
3055
3055
3055
3055
3079
3079
3079
3079
3079
3059
3059
3059
3059
3059
3059
3080
3080
3080
3080
3080
2956
2956
2956
2956
2956
2961
2961
2961
2961
2961
2961
2780
2780
2780
2780
2780
2723
2723
2723
2723
2723
2663
2663
2663
2663
2663
2663
2463
2463
2463
2463
2463
2352
2352
2352
2352
2352
2180
2180
2180
2180
2180
2180
2078
2078
2078
2078
2078
2009
2009
2009
2009
2009
1890
1890
1890
1890
1890
1890
1751
1751
1751
1751
1751
1711
1711
1711
1711
1711
1584
1584
1584
1584
1584
1584
1512
1512
1512
1512
1512
1417
1417
1417
1417
1417
1283
1283
1283
1283
1283
1283
1197
1197
1197
1197
1197
1135
1135
1135
1135
1135
1092
1092
1092
1092
1092
1092
1032
1032
1032
1032
1032
1039
1039
1039
1039
1039
1084
1084
1084
1084
1084
1084
1139
1139
1139
1139
1139
1183
1183
1183
1183
1183
1205
1205
1205
1205
1205
1205
1278
1278
1278
1278
1278
1331
1331
1331
1331
1331
1458
1458
1458
1458
1458
1458
1507
1507
1507
1507
1507
1633
1633
1633
1633
1633
1724
1724
1724
1724
1724
1724
1846
1846
1846
1846
1846
2018
2018
2018
2018
2018
2114
2114
2114
2114
2114
2114
2263
2263
2263
2263
2263
2430
2430
2430
2430
2430
2544
2544
2544
2544
2544
2544
2674
2674
2674
2674
2674
2842
2842
2842
2842
2842
2875
2875
2875
2875
2875
2875
2940
2940
2940
2940
2940
2978
2978
2978
2978
2978
3018
3018
3018
3018
3018
3018
3009
3009
3009
3009
3009
2963
2963
2963
2963
2963
2975
2975
2975
2975
2975
2975
2977
2977
2977
2977
2977
2949
2949
2949
2949
2949
2944
2944
2944
2944
2944
2944
2913
2913
2913
2913
2913
2958
2958
2958
2958
2958
2917
2917
2917
2917
2917
2917
2905
2905
2905
2905
2905
2925
2925
2925
2925
2925
2832
2832
2832
2832
2832
2832
2839
2839
2839
2839
2839
2782
2782
2782
2782
2782
2707
2707
2707
2707
2707
2707
2657
2657
2657
2657
2657
2567
2567
2567
2567
2567
2437
2437
2437
2437
2437
2437
2301
2301
2301
2301
2301
2172
2172
2172
2172
2172
2070
2070
2070
2070
2070
2070
1906
1906
1906
1906
1906
1737
1737
1737
1737
1737
1639
1639
1639
1639
1639
1639
1483
1483
1483
1483
1483
1374
1374
1374
1374
1374
1295
1295
1295
1295
1295
1295
1235
1235
1235
1235
1235
1143
1143
1143
1143
1143
1121
1121
1121
1121
1121
1121
1124
1124
1124
1124
1124
1099
1099
1099
1099
1099
1127
1127
1127
1127
1127
1127
1211
1211
1211
1211
1211
1313
1313
1313
1313
1313
1365
1365
1365
1365
1365
1365
1470
1470
1470
1470
1470
1517
1517
1517
1517
1517
1603
1603
1603
1603
1603
1603
1626
1626
1626
1626
1626
1683
1683
1683
1683
1683
1766
1766
1766
1766
1766
1766
1819
1819
1819
1819
1819
1957
1957
1957
1957
1957
2042
2042
2042
2042
2042
2042
2239
2239
2239
2239