2209
2209
2267
2267
2267
2267
2267
2267
2234
2234
2234
2234
2234
2230
2230
2230
2230
2230
2256
2256
2256
2256
2256
2256
2204
2204
2204
2204
2204
2264
2264
2264
2264
2264
2214
2214
2214
2214
2214
2214
2252
2252
2252
2252
2252
2180
2180
2180
2180
2180
2254
2254
2254
2254
2254
2254
2182
2182
2182
2182
2182
2220
2220
2220
2220
2220
2231
2231
2231
2231
2231
2231
2204
2204
2204
2204
2204
2271
2271
2271
2271
2271
2214
2214
2214
2214
2214
2214
2280
2280
2280
2280
2280
2219
2219
2219
2219
2219
2222
2222
2222
2222
2222
2222
2208
2208
2208
2208
2208
2175
2175
2175
2175
2175
2240
2240
2240
2240
2240
2240
2200
2200
2200
2200
2200
2245
2245
2245
2245
2245
2194
2194
2194
2194
2194
2194
2248
2248
2248
2248
2248
2216
2216
2216
2216
2216
2209
2209
2209
2209
2209
2209
2244
2244
2244
2244
2244
2208
2208
2208
2208
2208
2261
2261
2261
2261
2261
2261
2182
2182
2182
2182
2182
2206
2206
2206
2206
2206
2178
2178
2178
2178
2178
2178
2255
2255
2255
2255
2255
2235
2235
2235
2235
2235
2169
2169
2169
2169
2169
2169
2258
2258
2258
2258
2258
2180
2180
2180
2180
2180
2205
2205
2205
2205
2205
2205
2193
2193
2193
2193
2193
2301
2301
2301
2301
2301
2193
2193
2193
2193
2193
2193
2263
2263
2263
2263
2263
2182
2182
2182
2182
2182
2241
2241
2241
2241
2241
2241
2209
2209
2209
2209
2209
2195
2195
2195
2195
2195
2224
2224
2224
2224
2224
2224
2159
2159
2159
2159
2159
2260
2260
2260
2260
2260
2200
2200
2200
2200
2200
2200
2277
2277
2277
2277
2277
2212
2212
2212
2212
2212
2232
2232
2232
2232
2232
2232
2188
2188
2188
2188
2188
2253
2253
2253
2253
2253
2208
2208
2208
2208
2208
2208
2209
2209
2209
2209
2209
2226
2226
2226
2226
2226
2146
2146
2146
2146
2146
2146
2221
2221
2221
2221
2221
2149
2149
2149
2149
2149
2247
2247
2247
2247
2247
2247
2185
2185
2185
2185
2185
2209
2209
2209
2209
2209
2190
2190
2190
2190
2190
2190
2185
2185
2185
2185
2185
2234
2234
2234
2234
2234
2178
2178
2178
2178
2178
2178
2237
2237
2237
2237
2237
2181
2181
2181
2181
2181
2211
2211
2211
2211
2211
2211
2183
2183
2183
2183
2183
2251
2251
2251
2251
2251
2202
2202
2202
2202
2202
2202
2268
2268
2268
2268
2268
2235
2235
2235
2235
2235
2193
2193
2193
2193
2193
2193
2241
2241
2241
2241
2241
2203
2203
2203
2203
2203
2260
2260
2260
2260
2260
2260
2174
2174
2174
2174
2174
2204
2204
2204
2204
2204
2166
2166
2166
2166
2166
2166
2206
2206
2206
2206
2206
2221
2221
2221
2221
2221
2216
2216
2216
2216
2216
2216
2249
2249
2249
2249
2249
2219
2219
2219
2219
2219
2237
2237
2237
2237
2237
2237
2209
2209
2209
2209
2209
2245
2245
2245
2245
2245
2228
2228
2228
2228
2228
2228
2218
2218
2218
2218
2218
2241
2241
2241
2241
2241
2200
2200
2200
2200
2200
2200
2217
2217
2217
2217
2217
2201
2201
2201
2201
2201
2221
2221
2221
2221
2221
2221
2175
2175
2175
2175
2175
2223
2223
2223
2223
2223
2187
2187
2187
2187
2187
2187
2225
2225
2225
2225
2225
2230
2230
2230
2230
2230
2224
2224
2224
2224
2224
2224
2226
2226
2226
2226
2226
2179
2179
2179
2179
2179
2261
2261
2261
2261
2261
2261
2204
2204
2204
2204
2204
2243
2243
2243
2243
2243
2232
2232
2232
2232
2232
2232
2236
2236
2236
2236
2236
2201
2201
2201
2201
2201
2240
2240
2240
2240
2240
2240
2216
2216
2216
2216
2216
2219
2219
2219
2219
2219
2254
2254
2254
2254
2254
2254
2221
2221
2221
2221
2221
2258
2258
2258
2258
2258
2200
2200
2200
2200
2200
2200
2276
2276
2276
2276
2276
2183
2183
2183
2183
2183
2294
2294
2294
2294
2294
2294
2179
2179
2179
2179
2179
2237
2237
2237
2237
2237
2284
2284
2284
2284
2284
2284
2217
2217
2217
2217
2217
2267
2267
2267
2267
2267
2188
2188
2188
2188
2188
2188
2233
2233
2233
2233
2233
2209
2209
2209
2209
2209
2233
2233
2233
2233
2233
2233
2190
2190
2190
2190
2190
2267
2267
2267
2267
2267
2201
2201
2201
2201
2201
2201
2250
2250
2250
2250
2250
2218
2218
2218
2218
2218
2222
2222
2222
2222
2222
2222
2259
2259
2259
2259
2259
2181
2181
2181
2181
2181
2245
2245
2245
2245
2245
2245
2164
2164
2164
2164
2164
2221
2221
2221
2221
2221
2245
2245
2245
2245
2245
2245
2228
2228
2228
2228
2228
2176
2176
2176
2176
2176
2212
2212
2212
2212
2212
2212
2265
2265
2265
2265
2265
2220
2220
2220
2220
2220
2265
2265
2265
2265
2265
2265
2222
2222
2222
2222
2222
2248
2248
2248
2248
2248
2225
2225
2225
2225
2225
2225
2198
2198
2198
2198
2198
2227
2227
2227
2227
2227
2202
2202
2202
2202
2202
2202
2236
2236
2236
2236
2236
2215
2215
2215
2215
2215
2235
2235
2235
2235
2235
2235
2164
2164
2164
2164
2164
2220
2220
2220
2220
2220
2196
2196
2196
2196
2196
2196
2227
2227
2227
2227
2227
2218
2218
2218
2218
2218
2228
2228
2228
2228
2228
2228
2228
2228
2228
2228
2228
2208
2208
2208
2208
2208
2259
2259
2259
2259
2259
2259
2168
2168
2168
2168
2168
2211
2211
2211
2211
2211
2244
2244
2244
2244
2244
2244
2177
2177
2177
2177
2177
2231
2231
2231
2231
2231
2202
2202
2202
2202
2202
2202
2247
2247
2247
2247
2247
2193
2193
2193
2193
2193
2233
2233
2233
2233
2233
2233
2168
2168
2168
2168
2168
2259
2259
2259
2259
2259
2184
2184
2184
2184
2184
2184
2217
2217
2217
2217
2217
2202
2202
2202
2202
2202
2247
2247
2247
2247
2247
2247
2215
2215
2215
2215
2215
2205
2205
2205
2205
2205
2218
2218
2218
2218
2218
2218
2216
2216
2216
2216
2216
2241
2241
2241
2241
2241
2185
2185
2185
2185
2185
2185
2264
2264
2264
2264
2264
2186
2186
2186
2186
2186
2227
2227
2227
2227
2227
2227
2187
2187
2187
2187
2187
2212
2212
2212
2212
2212
2230
2230
2230
2230
2230
2230
2213
2213
2213
2213
2213
2223
2223
2223
2223
2223
2204
2204
2204
2204
2204
2204
2228
2228
2228
2228
2228
2186
2186
2186
2186
2186
2252
2252
2252
2252
2252
2252
2170
2170
2170
2170
2170
2239
2239
2239
2239
2239
2165
2165
2165
2165
2165
2165
2260
2260
2260
2260
2260
2241
2241
2241
2241
2241
2131
2131
2131
2131
2131
2131
2308
2308
2308
2308
2308
2188
2188
2188
2188
2188
2224
2224
2224
2224
2224
2224
2200
2200
2200
2200
2200
2203
2203
2203
2203
2203
2212
2212
2212
2212
2212
2212
2200
2200
2200
2200
2200
2190
2190
2190
2190
2190
2174
2174
2174
2174
2174
2174
2262
2262
2262
2262
2262
2131
2131
2131
2131
2131
2205
2205
2205
2205
2205
2205
2189
2189
2189
2189
2189
2194
2194
2194
2194
2194
2216
2216
2216
2216
2216
2216
2224
2224
2224
2224
2224
2224
2224
2224
2224
2224
2216
2216
2216
2216
2216
2216
2218
2218
2218
2218
2218
2178
2178
2178
2178
2178
2254
2254
2254
2254
2254
2254
2214
2214
2214
2214
2214
2231
2231
2231
2231
2231
2215
2215
2215
2215
2215
2215
2219
2219
2219
2219
2219
2191
2191
2191
2191
2191
2211
2211
2211
2211
2211
2211
2176
2176
2176
2176
2176
2173
2173
2173
2173
2173
2215
2215
2215
2215
2215
2215
2149
2149
2149
2149
2149
2205
2205
2205
2205
2205
2210
2210
2210
2210
2210
2210
2232
2232
2232
2232
2232
2202
2202
2202
2202
2202
2216
2216
2216
2216
2216
2216
2172
2172
2172
2172
2172
2226
2226
2226
2226
2226
2239
2239
2239
2239
2239
2239
2183
2183
2183
2183
2183
2200
2200
2200
2200
2200
2234
2234
2234
2234
2234
2234
2216
2216
2216
2216
2216
2228
2228
2228
2228
2228
2199
2199
2199
2199
2199
2199
2171
2171
2171
2171
2171
2207
2207
2207
2207
2207
2188
2188
2188
2188
2188
2188
2194
2194
2194
2194
2194
2181
2181
2181
2181
2181
2155
2155
2155
2155
2155
2155
2207
2207
2207
2207
2207
2207
2207
2207
2207
2207
2196
2196
2196
2196
2196
2196
2225
2225
2225
2225
2225
2224
2224
2224
2224
2224
2177
2177
2177
2177
2177
2177
2196
2196
2196
2196
2196
2184
2184
2184
2184
2184
2167
2167
2167
2167
2167
2167
2184
2184
2184
2184
2184
2181
2181
2181
2181
2181
2191
2191
2191
2191
2191
2191
2138
2138
2138
2138
2138
2210
2210
2210
2210
2210
2196
2196
2196
2196
2196
2196
2174
2174
2174
2174
2174
2182
2182
2182
2182
2182
2183
2183
2183
2183
2183
2183
2199
2199
2199
2199
2199
2197
2197
2197
2197
2197
2194
2194
2194
2194
2194
2194
2168
2168
2168
2168
2168
2158
2158
2158
2158
2158
2113
2113
2113
2113
2113
2113
2165
2165
2165
2165
2165
2140
2140
2140
2140
2140
2177
2177
2177
2177
2177
2177
2155
2155
2155
2155
2155
2134
2134
2134
2134
2134
2165
2165
2165
2165
2165
2165
2115
2115
2115
2115
2115
2141
2141
2141
2141
2141
2157
2157
2157
2157
2157
2157
2171
2171
2171
2171
2171
2187
2187
2187
2187
2187
2114
2114
2114
2114
2114
2114
2174
2174
2174
2174
2174
2148
2148
2148
2148
2148
2146
2146
2146
2146
2146
2146
2180
2180
2180
2180
2180
2170
2170
2170
2170
2170
2161
2161
2161
2161
2161
2161
2181
2181
2181
2181
2181
2180
2180
2180
2180
2180
2125
2125
2125
2125
2125
2125
2154
2154
2154
2154
2154
2140
2140
2140
2140
2140
2165
2165
2165
2165
2165
2165
2119
2119
2119
2119
2119
2118
2118
2118
2118
2118
2164
2164
2164
2164
2164
2164
2154
2154
2154
2154
2154
2143
2143
2143
2143
2143
2124
2124
2124
2124
2124
2124
2187
2187
2187
2187
2187
2127
2127
2127
2127
2127
2177
2177
2177
2177
2177
2177
2165
2165
2165
2165
2165
2147
2147
2147
2147
2147
2142
2142
2142
2142
2142
2142
2161
2161
2161
2161
2161
2164
2164
2164
2164
2164
2148
2148
2148
2148
2148
2148
2129
2129
2129
2129
2129
2132
2132
2132
2132
2132
2105
2105
2105
2105
2105
2105
2145
2145
2145
2145
2145
2143
2143
2143
2143
2143
2118
2118
2118
2118
2118
2118
2128
2128
2128
2128
2128
2114
2114
2114
2114
2114
2117
2117
2117
2117
2117
2117
2047
2047
2047
2047
2047
2087
2087
2087
2087
2087
2097
2097
2097
2097
2097
2097
2072
2072
2072
2072
2072
2062
2062
2062
2062
2062
2076
2076
2076
2076
2076
2076
2046
2046
2046
2046
2046
2050
2050
2050
2050
2050
2078
2078
2078
2078
2078
2078
2059
2059
2059
2059
2059
2032
2032
2032
2032
2032
2034
2034
2034
2034
2034
2034
2046
2046
2046
2046
2046
1992
1992
1992
1992
1992
2011
2011
2011
2011
2011
2011
1995
1995
1995
1995
1995
2001
2001
2001
2001
2001
1999
1999
1999
1999
1999
1999
1978
1978
1978
1978
1978
1977
1977
1977
1977
1977
1978
1978
1978
1978
1978
1978
1952
1952
1952
1952
1952
1905
1905
1905
1905
1905
1988
1988
1988
1988
1988
1988
1944
1944
1944
1944
1944
2012
2012
2012
2012
2012
2008
2008
2008
2008
2008
2008
2042
2042
2042
2042
2042
2038
2038
2038
2038
2038
2039
2039
2039
2039
2039
2039
2034
2034
2034
2034
2034
2058
2058
2058
2058
2058
2042
2042
2042
2042
2042
2042
2076
2076
2076
2076
2076
2152
2152
2152
2152
2152
2111
2111
2111
2111
2111
2111
2100
2100
2100
2100
2100
2122
2122
2122
2122
2122
2135
2135
2135
2135
2135
2135
2163
2163
2163
2163
2163
2128
2128
2128
2128
2128
2136
2136
2136
2136
2136
2136
2176
2176
2176
2176
2176
2225
2225
2225
2225
2225
2187
2187
2187
2187
2187
2187
2231
2231
2231
2231
2231
2193
2193
2193
2193
2193
2240
2240
2240
2240
2240
2240
2193
2193
2193
2193
2193
2229
2229
2229
2229
2229
2176
2176
2176
2176
2176
2176
2162
2162
2162
2162
2162
2149
2149
2149
2149
2149
2119
2119
2119
2119
2119
2119
2056
2056
2056
2056
2056
2040
2040
2040
2040
2040
2041
2041
2041
2041
2041
2041
2006
2006
2006
2006
2006
1988
1988
1988
1988
1988
2005
2005
2005
2005
2005
2005
1979
1979
1979
1979
1979
1963
1963
1963
1963
1963
1997
1997
1997
1997
1997
1997
2030
2030
2030
2030
2030
2066
2066
2066
2066
2066
2161
2161
2161
2161
2161
2161
2236
2236
2236
2236
2236
2293
2293
2293
2293
2293
2352
2352
2352
2352
2352
2352
2415
2415
2415
2415
2415
2459
2459
2459
2459
2459
2500
2500
2500
2500
2500
2500
2474
2474
2474
2474
2474
2478
2478
2478
2478
2478
2478
2478
2478
2478
2478
2478
2447
2447
2447
2447
2447
2371
2371
2371
2371
2371
2354
2354
2354
2354
2354
2354
2359
2359
2359
2359
2359
2299
2299
2299
2299
2299
2293
2293
2293
2293
2293
2293
2306
2306
2306
2306
2306
2331
2331
2331
2331
2331
2373
2373
2373
2373
2373
2373
2381
2381
2381
2381
2381
2406
2406
2406
2406
2406
2394
2394
2394
2394
2394
2394
2465
2465
2465
2465
2465
2475
2475
2475
2475
2475
2487
2487
2487
2487
2487
2487
2461
2461
2461
2461
2461
2436
2436
2436
2436
2436
2402
2402
2402
2402
2402
2402
2328
2328
2328
2328
2328
2330
2330
2330
2330
2330
2300
2300
2300
2300
2300
2300
2256
2256
2256
2256
2256
2279
2279
2279
2279
2279
2274
2274
2274
2274
2274
2274
2265
2265
2265
2265
2265
2279
2279
2279
2279
2279
2263
2263
2263
2263
2263
2263
2293
2293
2293
2293
2293
2332
2332
2332
2332
2332
2369
2369
2369
2369
2369
2369
2380
2380
2380
2380
2380
2409
2409
2409
2409
2409
2421
2421
2421
2421
2421
2421
2419
2419
2419
2419
2419
2406
2406
2406
2406
2406
2382
2382
2382
2382
2382
2382
2373
2373
2373
2373
2373
2349
2349
2349
2349
2349
2343
2343
2343
2343
2343
2343
2315
2315
2315
2315
2315
2306
2306
2306
2306
2306
2276
2276
2276
2276
2276
2276
2268
2268
2268
2268
2268
2269
2269
2269
2269
2269
2292
2292
2292
2292
2292
2292
2305
2305
2305
2305
2305
2341
2341
2341
2341
2341
2348
2348
2348
2348
2348
2348
2379
2379
2379
2379
2379
2376
2376
2376
2376
2376
2393
2393
2393
2393
2393
2393
2360
2360
2360
2360
2360
2355
2355
2355
2355
2355
2346
2346
2346
2346
2346
2346
2329
2329
2329
2329
2329
2320
2320
2320
2320
2320
2331
2331
2331
2331
2331
2331
2290
2290
2290
2290
2290
2301
2301
2301
2301
2301
2287
2287
2287
2287
2287
2287
2329
2329
2329
2329
2329
2349
2349
2349
2349
2349
2371
2371
2371
2371
2371
2371
2413
2413
2413
2413
2413
2468
2468
2468
2468
2468
2468
2533
2533
2533
2533
2533
2569
2569
2569
2569
2569
2601
2601
2601
2601
2601
2603
2603
2603
2603
2603
2603
2589
2589
2589
2589
2589
2579
2579
2579
2579
2579
2578
2578
2578
2578
2578
2578
2527
2527
2527
2527
2527
2543
2543
2543
2543
2543
2543
2496
2496
2496
2496
2496
2509
2509
2509
2509
2509
2512
2512
2512
2512
2512
2526
2526
2526
2526
2526
2526
2488
2488
2488
2488
2488
2433
2433
2433
2433
2433
2482
2482
2482
2482
2482
2482
2448
2448
2448
2448
2448
2422
2422
2422
2422
2422
2422
2374
2374
2374
2374
2374
2312
2312
2312
2312
2312
2289
2289
2289
2289
2289
2260
2260
2260
2260
2260
2260
2218
2218
2218
2218
2218
2158
2158
2158
2158
2158
2117
2117
2117
2117
2117
2117
2076
2076
2076
2076
2076
2128
2128
2128
2128
2128
2128
2157
2157
2157
2157
2157
2132
2132
2132
2132
2132
2181
2181
2181
2181
2181
2211
2211
2211
2211
2211
2211
2192
2192
2192
2192
2192
2208
2208
2208
2208
2208
2179
2179
2179
2179
2179
2179
2192
2192
2192
2192
2192
2162
2162
2162
2162
2162
2162
2130
2130
2130
2130
2130
2097
2097
2097
2097
2097
2098
2098
2098
2098
2098
2065
2065
2065
2065
2065
2065
2069
2069
2069
2069
2069
2050
2050
2050
2050
2050
2077
2077
2077
2077
2077
2077
2105
2105
2105
2105
2105
2152
2152
2152
2152
2152
2152
2188
2188
2188
2188
2188
2241
2241
2241
2241
2241
2293
2293
2293
2293
2293
2366
2366
2366
2366
2366
2366
2421
2421
2421
2421
2421
2441
2441
2441
2441
2441
2507
2507
2507
2507
2507
2507
2485
2485
2485
2485
2485
2519
2519
2519
2519
2519
2519
2495
2495
2495
2495
2495
2510
2510
2510
2510
2510
2520
2520
2520
2520
2520
2519
2519
2519
2519
2519
2519
2532
2532
2532
2532
2532
2552
2552
2552
2552
2552
2586
2586
2586
2586
2586
2586
2592
2592
2592
2592
2592
2630
2630
2630
2630
2630
2630
2574
2574
2574
2574
2574
2615
2615
2615
2615
2615
2534
2534
2534
2534
2534
2531
2531
2531
2531
2531
2531
2410
2410
2410
2410
2410
2357
2357
2357
2357
2357
2291
2291
2291
2291
2291
2291
2240
2240
2240
2240
2240
2154
2154
2154
2154
2154
2154
2136
2136
2136
2136
2136
2118
2118
2118
2118
2118
2147
2147
2147
2147
2147
2183
2183
2183
2183
2183
2183
2154
2154
2154
2154
2154
2252
2252
2252
2252
2252
2274
2274
2274
2274
2274
2274
2336
2336
2336
2336
2336
2393
2393
2393
2393
2393
2393
2304
2304
2304
2304
2304
2328
2328
2328
2328
2328
2267
2267
2267
2267
2267
2274
2274
2274
2274
2274
2274
2230
2230
2230
2230
2230
2226
2226
2226
2226
2226
2193
2193
2193
2193
2193
2193
2202
2202
2202
2202
2202
2245
2245
2245
2245
2245
2245
2332
2332
2332
2332
2332
2393
2393
2393
2393
2393
2459
2459
2459
2459
2459
2562
2562
2562
2562
2562
2562
2570
2570
2570
2570
2570
2556
2556
2556
2556
2556
2578
2578
2578
2578
2578
2578
2482
2482
2482
2482
2482
2367
2367
2367
2367
2367
2367
2299
2299
2299
2299
2299
2251
2251
2251
2251
2251
2173
2173
2173
2173
2173
2194
2194
2194
2194
2194
2194
2210
2210
2210
2210
2210
2400
2400
2400
2400
2400
2615
2615
2615
2615
2615
2615
2948
2948
2948
2948
2948
3270
3270
3270
3270
3270
3270
3662
3662
3662
3662
3662
4013
4013
4013
4013
4013
4076
4076
4076
4076
4076
4095
4095
4095
4095
4095
4095
4095
4095
4095
4095
4095
4095
4095
4095
4095
4095
4095
4095
4095
4095
4095
4095
4095
4095
4095
4095
4095
4095
4095
4095
4095
4095
4095
4092
4092
4092
4092
4092
4095
4095
4095
4095
4095
4086
4086
4086
4086
4086
4094
4094
4094
4094
4094
4094
4066
4066
4066
4066
4066
4090
4090
4090
4090
4090
4091
4091
4091
4091
4091
4091
4082
4082
4082
4082
4082
4077
4077
4077
4077
4077
4077
4061
4061
4061
4061
4061
4011
4011
4011
4011
4011
3850
3850
3850
3850
3850
3517
3517
3517
3517
3517
3517
3198
3198
3198
3198
3198
2889
2889
2889
2889
2889
2461
2461
2461
2461
2461
2461
2164
2164
2164
2164
2164
1793
1793
1793
1793
1793
1793
1578
1578
1578
1578
1578
1274
1274
1274
1274
1274
1037
1037
1037
1037
1037
806
806
806
806
806
806
600
600
600
600
600
443
443
443
443
443
238
238
238
238
238
238
128
128
128
128
128
66
66
66
66
66
66
23
23
23
23
23
12
12
12
12
12
0
0
0
0
0
0
0
0
0
0
0
0
0
0
0
0
0
0
0
0
0
0
0
0
0
0
0
20
20
20
20
20
24
24
24
24
24
24
75
75
75
75
75
104
104
104
104
104
107
107
107
107
107
107
107
107
107
107
107
107
107
107
107
107
91
91
91
91
91
80
80
80
80
80
80
123
123
123
123
123
191
191
191
191
191
191
321
321
321
321
321
499
499
499
499
499
860
860
860
860
860
1198
1198
1198
1198
1198
1198
1540
1540
1540
1540
1540
1913
1913
1913
1913
1913
2173
2173
2173
2173
2173
2173
2571
2571
2571
2571
2571
2847
2847
2847
2847
2847
2847
3270
3270
3270
3270
3270
3552
3552
3552
3552
3552
3967
3967
3967
3967
3967
4080
4080
4080
4080
4080
4080
4095
4095
4095
4095
4095
4095
4095
4095
4095
4095
4095
4095
4095
4095
4095
4095
4095
4095
4095
4095
4095
4095
4095
4095
4095
4095
4095
4095
4095
4095
4095
4095
4095
4095
4095
4095
4095
4095
4095
4095
4095
4095
4095
4095
4095
4095
4095
4095
4095
4095
4095
4095
4095
4072
4072
4072
4072
4072
4042
4042
4042
4042
4042
4042
3924
3924
3924
3924
3924
3786
3786
3786
3786
3786
3786
3582
3582
3582
3582
3582
3495
3495
3495
3495
3495
3376
3376
3376
3376
3376
3273
3273
3273
3273
3273
3273
3149
3149
3149
3149
3149
3002
3002
3002
3002
3002
2847
2847
2847
2847
2847
2847
2773
2773
2773
2773
2773
2657
2657
2657
2657
2657
2657
2601
2601
2601
2601
2601
2564
2564
2564
2564
2564
2464
2464
2464
2464
2464
2353
2353
2353
2353
2353
2353
2128
2128
2128
2128
2128
1979
1979
1979
1979
1979
1701
1701
1701
1701
1701
1701
1441
1441
1441
1441
1441
1177
1177
1177
1177
1177
1177
1043
1043
1043
1043
1043
887
887
887
887
887
792
792
792
792
792
726
726
726
726
726
726
641
641
641
641
641
596
596
596
596
596
553
553
553
553
553
553
499
499
499
499
499
438
438
438
438
438
438
379
379
379
379
379
351
351
351
351
351
337
337
337
337
337
311
311
311
311
311
311
331
331
331
331
331
397
397
397
397
397
537
537
537
537
537
537
767
767
767
767
767
979
979
979
979
979
979
1181
1181
1181
1181
1181
1402
1402
1402
1402
1402
1565
1565
1565
1565
1565
1789
1789
1789
1789
1789
1789
1929
1929
1929
1929
1929
2087
2087
2087
2087
2087
2268
2268
2268
2268
2268
2268
2426
2426
2426
2426
2426
2636
2636
2636
2636
2636
2636
2857
2857
2857
2857
2857
3109
3109
3109
3109
3109
3359
3359
3359
3359
3359
3567
3567
3567
3567
3567
3567
3866
3866
3866
3866
3866
3982
3982
3982
3982
3982
4037
4037
4037
4037
4037
4037
4050
4050
4050
4050
4050
4059
4059
4059
4059
4059
4059
4033
4033
4033
4033
4033
3980
3980
3980
3980
3980
3776
3776
3776
3776
3776
3531
3531
3531
3531
3531
3531
3173
3173
3173
3173
3173
2875
2875
2875
2875
2875
2556
2556
2556
2556
2556
2556
2269
2269
2269
2269
2269
2010
2010
2010
2010
2010
2010
1851
1851
1851
1851
1851
1769
1769
1769
1769
1769
1682
1682
1682
1682
1682
1732
1732
1732
1732
1732
1732
1748
1748
1748
1748
1748
1750
1750
1750
1750
1750
1714
1714
1714
1714
1714
1714
1718
1718
1718
1718
1718
1609
1609
1609
1609
1609
1609
1528
1528
1528
1528
1528
1323
1323
1323
1323
1323
1134
1134
1134
1134
1134
928
928
928
928
928
928
714
714
714
714
714
555
555
555
555
555
452
452
452
452
452
452
425
425
425
425
425
411
411
411
411
411
411
451
451
451
451
451
539
539
539
539
539
670
670
670
670
670
818
818
818
818
818
818
973
973
973
973
973
1079
1079
1079
1079
1079
1268
1268
1268
1268
1268
1268
1323
1323
1323
1323
1323
1340
1340
1340
1340
1340
1340
1467
1467
1467
1467
1467
1427
1427
1427
1427
1427
1587
1587
1587
1587
1587
1633
1633
1633
1633
1633
1633
1728
1728
1728
1728
1728
1847
1847
1847
1847
1847
2015
2015
2015
2015
2015
2015
2221
2221
2221
2221
2221
2425
2425
2425
2425
2425
2425
2681
2681
2681
2681
2681
2913
2913
2913
2913
2913
3112
3112
3112
3112
3112
3302
3302
3302
3302
3302
3302
3456
3456
3456
3456
3456
3622
3622
3622
3622
3622
3789
3789
3789
3789
3789
3789
3927
3927
3927
3927
3927
4036
4036
4036
4036
4036
4036
4069
4069
4069
4069
4069
4079
4079
4079
4079
4079
4095
4095
4095
4095
4095
4095
4095
4095
4095
4095
4095
4095
4095
4095
4095
4095
4095
4095
4095
4095
4095
4095
4095
4095
4095
4095
4095
4095
4095
4095
4095
4095
4095
4095
4095
4095
4095
4095
4095
4095
4095
4095
4095
4095
4095
4095
4095
4095
4095
4095
4095
4095
4095
4095
4095
4095
4095
4095
4095
4095
4095
4095
4095
4095
4078
4078
4078
4078
4078
4030
4030
4030
4030
4030
4030
3965
3965
3965
3965
3965
3840
3840
3840
3840
3840
3840
3736
3736
3736
3736
3736
3682
3682
3682
3682
3682
3585
3585
3585
3585
3585
3444
3444
3444
3444
3444
3444
3305
3305
3305
3305
3305
3028
3028
3028
3028
3028
2779
2779
2779
2779
2779
2779
2483
2483
2483
2483
2483
2179
2179
2179
2179
2179
2179
1900
1900
1900
1900
1900
1642
1642
1642
1642
1642
1466
1466
1466
1466
1466
1242
1242
1242
1242
1242
1242
1132
1132
1132
1132
1132
996
996
996
996
996
846
846
846
846
846
846
750
750
750
750
750
645
645
645
645
645
645
526
526
526
526
526
480
480
480
480
480
419
419
419
419
419
357
357
357
357
357
357
353
353
353
353
353
316
316
316
316
316
299
299
299
299
299
299
327
327
327
327
327
393
393
393
393
393
393
393
393
393
393
393
444
444
444
444
444
544
544
544
544
544
573
573
573
573
573
573
658
658
658
658
658
725
725
725
725
725
796
796
796
796
796
796
929
929
929
929
929
1052
1052
1052
1052
1052
1052
1238
1238
1238
1238
1238
1547
1547
1547
1547
1547
1857
1857
1857
1857
1857
2134
2134
2134
2134
2134
2134
2554
2554
2554
2554
2554
2875
2875
2875
2875
2875
3203
3203
3203
3203
3203
3203
3496
3496
3496
3496
3496
3771
3771
3771
3771
3771
3771
3988
3988
3988
3988
3988
4063
4063
4063
4063
4063
4073
4073
4073
4073
4073
4087
4087
4087
4087
4087
4087
4095
4095
4095
4095
4095
4095
4095
4095
4095
4095
4095
4095
4095
4095
4095
4095
4095
4095
4095
4095
4095
4095
4095
4095
4095
4095
4095
4092
4092
4092
4092
4092
4094
4094
4094
4094
4094
4087
4087
4087
4087
4087
4076
4076
4076
4076
4076
4076
4073
4073
4073
4073
4073
4038
4038
4038
4038
4038
3994
3994
3994
3994
3994
3994
3925
3925
3925
3925
3925
3791
3791
3791
3791
3791
3791
3705
3705
3705
3705
3705
3567
3567
3567
3567
3567
3407
3407
3407
3407
3407
3252
3252
3252
3252
3252
3252
3058
3058
3058
3058
3058
2843
2843
2843
2843
2843
2593
2593
2593
2593
2593
2593
2346
2346
2346
2346
2346
2133
2133
2133
2133
2133
2133
1870
1870
1870
1870
1870
1670
1670
1670
1670
1670
1532
1532
1532
1532
1532
1416
1416
1416
1416
1416
1416
1325
1325
1325
1325
1325
1283
1283
1283
1283
1283
1165
1165
1165
1165
1165
1165
1101
1101
1101
1101
1101
1042
1042
1042
1042
1042
1042
977
977
977
977
977
922
922
922
922
922
911
911
911
911
911
884
884
884
884
884
884
867
867
867
867
867
884
884
884
884
884
874
874
874
874
874
874
862
862
862
862
862
867
867
867
867
867
867
850
850
850
850
850
866
866
866
866
866
866
866
866
866
866
899
899
899
899
899
899
884
884
884
884
884
907
907
907
907
907
976
976
976
976
976
976
1121
1121
1121
1121
1121
1263
1263
1263
1263
1263
1263
1496
1496
1496
1496
1496
1743
1743
1743
1743
1743
2028
2028
2028
2028
2028
2330
2330
2330
2330
2330
2330
2611
2611
2611
2611
2611
2842
2842
2842
2842
2842
3025
3025
3025
3025
3025
3025
3158
3158
3158
3158
3158
3235
3235
3235
3235
3235
3235
3270
3270
3270
3270
3270
3311
3311
3311
3311
3311
3327
3327
3327
3327
3327
3299
3299
3299
3299
3299
3299
3265
3265
3265
3265
3265
3205
3205
3205
3205
3205
3201
3201
3201
3201
3201
3201
3134
3134
3134
3134
3134
3159
3159
3159
3159
3159
3159
3107
3107
3107
3107
3107
3013
3013
3013
3013
3013
3084
3084
3084
3084
3084
2949
2949
2949
2949
2949
2949
2949
2949
2949
2949
2949
2829
2829
2829
2829
2829
2689
2689
2689
2689
2689
2689
2631
2631
2631
2631
2631
2537
2537
2537
2537
2537
2537
2510
2510
2510
2510
2510
2385
2385
2385
2385
2385
2378
2378
2378
2378
2378
2280
2280
2280
2280
2280
2280
2203
2203
2203
2203
2203
2078
2078
2078
2078
2078
1947
1947
1947
1947
1947
1947
1876
1876
1876
1876
1876
1710
1710
1710
1710
1710
1710
1608
1608
1608
1608
1608
1466
1466
1466
1466
1466
1429
1429
1429
1429
1429
1301
1301
1301
1301
1301
1301
1233
1233
1233
1233
1233
1197
1197
1197
1197
1197
1158
1158
1158
1158
1158
1158
1145
1145
1145
1145
1145
1125
1125
1125
1125
1125
1125
1191
1191
1191
1191
1191
1140
1140
1140
1140
1140
1277
1277
1277
1277
1277
1234
1234
1234
1234
1234
1234
1236
1236
1236
1236
1236
1329
1329
1329
1329
1329
1381
1381
1381
1381