1304
1269
1332
1300
1270
1293
1264
1370
1321
1358
1320
1263
1340
1337
1290
1280
1312
1306
1304
1347
1292
1266
1295
1303
1327
1287
1290
1227
1242
1229
1348
1321
1402
1280
1288
1275
1354
1239
1409
1291
1336
1378
1291
1319
1329
1351
1247
1316
1314
1254
1329
1214
1365
1346
1346
1371
1328
1367
1267
1256
1279
1347
1395
1367
1284
1286
1229
1295
1336
1280
1325
1318
1336
1276
1308
1291
1289
1286
1282
1284
1301
1322
1297
1298
1267
1302
1266
1306
1364
1303
1353
1318
1374
1310
1318
1321
1336
1367
1293
1331
