976 -450.0
937 -449.0
966 -448.0
959 -447.0
1026 -446.0
1019 -445.0
973 -444.0
983 -443.0
910 -442.0
955 -441.0
958 -440.0
929 -439.0
967 -438.0
940 -437.0
987 -436.0
959 -435.0
922 -434.0
1015 -433.0
1040 -432.0
968 -431.0
1016 -430.0
986 -429.0
1015 -428.0
1018 -427.0
954 -426.0
862 -425.0
895 -424.0
996 -423.0
931 -422.0
1007 -421.0
971 -420.0
980 -419.0
1025 -418.0
955 -417.0
926 -416.0
977 -415.0
868 -414.0
952 -413.0
971 -412.0
932 -411.0
962 -410.0
938 -409.0
936 -408.0
1016 -407.0
987 -406.0
925 -405.0
1031 -404.0
937 -403.0
972 -402.0
942 -401.0
972 -400.0
989 -399.0
965 -398.0
944 -397.0
878 -396.0
947 -395.0
988 -394.0
966 -393.0
975 -392.0
976 -391.0
1000 -390.0
895 -389.0
974 -388.0
904 -387.0
968 -386.0
956 -385.0
979 -384.0
991 -383.0
982 -382.0
953 -381.0
952 -380.0
1015 -379.0
925 -378.0
959 -377.0
990 -376.0
919 -375.0
945 -374.0
913 -373.0
999 -372.0
1004 -371.0
1006 -370.0
972 -369.0
892 -368.0
943 -367.0
1034 -366.0
959 -365.0
938 -364.0
914 -363.0
968 -362.0
838 -361.0
935 -360.0
987 -359.0
1022 -358.0
970 -357.0
942 -356.0
946 -355.0
938 -354.0
1038 -353.0
943 -352.0
948 -351.0
981 -350.0
999 -349.0
947 -348.0
1018 -347.0
985 -346.0
875 -345.0
908 -344.0
1027 -343.0
911 -342.0
939 -341.0
952 -340.0
961 -339.0
929 -338.0
895 -337.0
871 -336.0
972 -335.0
976 -334.0
998 -333.0
934 -332.0
957 -331.0
977 -330.0
943 -329.0
1008 -328.0
971 -327.0
973 -326.0
1018 -325.0
1027 -324.0
969 -323.0
923 -322.0
962 -321.0
1050 -320.0
916 -319.0
985 -318.0
955 -317.0
932 -316.0
996 -315.0
974 -314.0
979 -313.0
1009 -312.0
942 -311.0
978 -310.0
1015 -309.0
994 -308.0
909 -307.0
934 -306.0
1003 -305.0
895 -304.0
984 -303.0
979 -302.0
975 -301.0
948 -300.0
886 -299.0
1006 -298.0
996 -297.0
985 -296.0
941 -295.0
956 -294.0
995 -293.0
944 -292.0
950 -291.0
947 -290.0
951 -289.0
948 -288.0
1010 -287.0
982 -286.0
941 -285.0
964 -284.0
916 -283.0
950 -282.0
984 -281.0
1016 -280.0
1029 -279.0
993 -278.0
920 -277.0
910 -276.0
969 -275.0
894 -274.0
931 -273.0
971 -272.0
981 -271.0
928 -270.0
1006 -269.0
895 -268.0
935 -267.0
956 -266.0
993 -265.0
974 -264.0
982 -263.0
1040 -262.0
972 -261.0
1017 -260.0
983 -259.0
974 -258.0
991 -257.0
1029 -256.0
1023 -255.0
967 -254.0
960 -253.0
934 -252.0
990 -251.0
963 -250.0
986 -249.0
1045 -248.0
1007 -247.0
1037 -246.0
978 -245.0
990 -244.0
1036 -243.0
983 -242.0
1046 -241.0
1050 -240.0
1075 -239.0
1060 -238.0
1089 -237.0
1021 -236.0
1037 -235.0
952 -234.0
1020 -233.0
964 -232.0
1015 -231.0
1023 -230.0
1006 -229.0
1001 -228.0
980 -227.0
1009 -226.0
974 -225.0
963 -224.0
958 -223.0
1025 -222.0
965 -221.0
1037 -220.0
1039 -219.0
1020 -218.0
1019 -217.0
1086 -216.0
1038 -215.0
1033 -214.0
1050 -213.0
1067 -212.0
1018 -211.0
1048 -210.0
1055 -209.0
1047 -208.0
1089 -207.0
1105 -206.0
1044 -205.0
1084 -204.0
1156 -203.0
1100 -202.0
993 -201.0
1093 -200.0
1094 -199.0
1111 -198.0
1104 -197.0
1008 -196.0
1106 -195.0
1083 -194.0
1124 -193.0
1143 -192.0
1119 -191.0
1177 -190.0
1139 -189.0
1034 -188.0
1001 -187.0
1043 -186.0
1120 -185.0
1116 -184.0
1095 -183.0
1176 -182.0
1155 -181.0
1153 -180.0
1132 -179.0
1130 -178.0
1179 -177.0
1176 -176.0
1231 -175.0
1180 -174.0
1094 -173.0
1142 -172.0
1154 -171.0
1118 -170.0
1072 -169.0
1134 -168.0
1103 -167.0
1158 -166.0
1152 -165.0
1147 -164.0
1214 -163.0
1235 -162.0
1194 -161.0
1210 -160.0
1238 -159.0
1266 -158.0
1259 -157.0
1170 -156.0
1264 -155.0
1364 -154.0
1299 -153.0
1259 -152.0
1183 -151.0
1260 -150.0
1304 -149.0
1388 -148.0
1308 -147.0
1374 -146.0
1239 -145.0
1340 -144.0
1294 -143.0
1274 -142.0
1340 -141.0
1343 -140.0
1296 -139.0
1235 -138.0
1288 -137.0
1383 -136.0
1418 -135.0
1400 -134.0
1348 -133.0
1383 -132.0
1350 -131.0
1345 -130.0
1322 -129.0
1332 -128.0
1385 -127.0
1344 -126.0
1403 -125.0
1380 -124.0
1379 -123.0
1406 -122.0
1392 -121.0
1385 -120.0
1483 -119.0
1406 -118.0
1371 -117.0
1466 -116.0
1481 -115.0
1404 -114.0
1476 -113.0
1450 -112.0
1440 -111.0
1564 -110.0
1565 -109.0
1613 -108.0
1527 -107.0
1500 -106.0
1565 -105.0
1612 -104.0
1459 -103.0
1534 -102.0
1519 -101.0
1567 -100.0
1572 -99.0
1353 -98.0
1489 -97.0
1591 -96.0
1461 -95.0
1495 -94.0
1641 -93.0
1689 -92.0
1637 -91.0
1615 -90.0
1598 -89.0
1701 -88.0
1734 -87.0
1558 -86.0
1568 -85.0
1743 -84.0
1543 -83.0
1681 -82.0
1620 -81.0
1638 -80.0
1685 -79.0
1664 -78.0
1611 -77.0
1717 -76.0
1700 -75.0
1725 -74.0
1729 -73.0
1751 -72.0
1651 -71.0
1709 -70.0
1753 -69.0
1680 -68.0
1762 -67.0
1697 -66.0
1767 -65.0
1812 -64.0
1734 -63.0
1724 -62.0
1738 -61.0
1868 -60.0
1844 -59.0
1857 -58.0
1849 -57.0
1848 -56.0
1780 -55.0
1960 -54.0
2007 -53.0
1931 -52.0
2003 -51.0
1924 -50.0
1884 -49.0
2028 -48.0
1921 -47.0
1929 -46.0
1988 -45.0
2056 -44.0
1987 -43.0
1907 -42.0
1829 -41.0
1888 -40.0
1853 -39.0
1932 -38.0
1940 -37.0
1851 -36.0
1888 -35.0
2116 -34.0
2092 -33.0
2043 -32.0
2079 -31.0
2030 -30.0
1984 -29.0
2013 -28.0
1928 -27.0
2086 -26.0
1933 -25.0
1899 -24.0
2060 -23.0
2020 -22.0
2071 -21.0
1977 -20.0
2018 -19.0
2055 -18.0
2053 -17.0
1982 -16.0
1831 -15.0
1931 -14.0
1981 -13.0
1985 -12.0
2043 -11.0
1891 -10.0
2024 -9.0
1954 -8.0
2014 -7.0
2051 -6.0
1966 -5.0
1928 -4.0
2055 -3.0
2047 -2.0
2016 -1.0
1947 0.0
1936 1.0
1833 2.0
2135 3.0
2080 4.0
2030 5.0
1976 6.0
1984 7.0
1928 8.0
1954 9.0
1894 10.0
1940 11.0
1974 12.0
1928 13.0
1902 14.0
1950 15.0
1908 16.0
1866 17.0
1913 18.0
1987 19.0
2026 20.0
1979 21.0
2014 22.0
1928 23.0
1913 24.0
1913 25.0
1808 26.0
1822 27.0
1827 28.0
1863 29.0
1976 30.0
1831 31.0
1736 32.0
1843 33.0
1753 34.0
1768 35.0
1816 36.0
1859 37.0
1749 38.0
1912 39.0
1729 40.0
1784 41.0
1756 42.0
1790 43.0
1799 44.0
1712 45.0
1647 46.0
1753 47.0
1753 48.0
1732 49.0
1724 50.0
1745 51.0
1821 52.0
1834 53.0
1784 54.0
1779 55.0
1728 56.0
1744 57.0
1662 58.0
1687 59.0
1732 60.0
1691 61.0
1599 62.0
1731 63.0
1525 64.0
1667 65.0
1602 66.0
1589 67.0
1607 68.0
1543 69.0
1524 70.0
1596 71.0
1514 72.0
1592 73.0
1545 74.0
1509 75.0
1528 76.0
1486 77.0
1477 78.0
1488 79.0
1496 80.0
1382 81.0
1544 82.0
1514 83.0
1457 84.0
1468 85.0
1459 86.0
1548 87.0
1528 88.0
1538 89.0
1537 90.0
1452 91.0
1446 92.0
1449 93.0
1417 94.0
1369 95.0
1483 96.0
1292 97.0
1459 98.0
1457 99.0
1474 100.0
1343 101.0
1377 102.0
1292 103.0
1312 104.0
1412 105.0
1420 106.0
1366 107.0
1418 108.0
1363 109.0
1285 110.0
1330 111.0
1315 112.0
1304 113.0
1216 114.0
1324 115.0
1268 116.0
1300 117.0
1263 118.0
1334 119.0
1276 120.0
1314 121.0
1257 122.0
1172 123.0
1350 124.0
1347 125.0
1336 126.0
1381 127.0
1228 128.0
1301 129.0
1219 130.0
1233 131.0
1293 132.0
1238 133.0
1217 134.0
1196 135.0
1148 136.0
1290 137.0
1136 138.0
1134 139.0
1130 140.0
1144 141.0
1115 142.0
1183 143.0
1185 144.0
1160 145.0
1066 146.0
1248 147.0
1146 148.0
1196 149.0
1240 150.0
1172 151.0
1180 152.0
1199 153.0
1101 154.0
1215 155.0
1208 156.0
1090 157.0
1072 158.0
1095 159.0
1128 160.0
1144 161.0
1091 162.0
1131 163.0
1116 164.0
1008 165.0
1096 166.0
1131 167.0
1060 168.0
1054 169.0
1044 170.0
1032 171.0
1096 172.0
1073 173.0
1004 174.0
1128 175.0
1068 176.0
1103 177.0
1119 178.0
1117 179.0
1036 180.0
1089 181.0
1098 182.0
1074 183.0
1105 184.0
1129 185.0
1063 186.0
1031 187.0
1030 188.0
1079 189.0
1147 190.0
1128 191.0
1024 192.0
1034 193.0
978 194.0
1087 195.0
1054 196.0
1022 197.0
1000 198.0
1032 199.0
1067 200.0
1021 201.0
978 202.0
1000 203.0
990 204.0
1020 205.0
998 206.0
914 207.0
1052 208.0
950 209.0
1016 210.0
1040 211.0
995 212.0
1054 213.0
1036 214.0
1043 215.0
1035 216.0
976 217.0
1023 218.0
1013 219.0
1046 220.0
1020 221.0
1026 222.0
988 223.0
1063 224.0
986 225.0
1011 226.0
959 227.0
957 228.0
1004 229.0
940 230.0
995 231.0
958 232.0
946 233.0
1012 234.0
952 235.0
933 236.0
963 237.0
927 238.0
943 239.0
977 240.0
978 241.0
979 242.0
1012 243.0
1001 244.0
977 245.0
913 246.0
931 247.0
983 248.0
899 249.0
953 250.0
987 251.0
979 252.0
983 253.0
942 254.0
966 255.0
959 256.0
993 257.0
903 258.0
938 259.0
961 260.0
945 261.0
998 262.0
969 263.0
952 264.0
1006 265.0
926 266.0
971 267.0
985 268.0
985 269.0
1023 270.0
930 271.0
1001 272.0
981 273.0
987 274.0
1024 275.0
992 276.0
923 277.0
949 278.0
953 279.0
899 280.0
951 281.0
952 282.0
926 283.0
912 284.0
905 285.0
881 286.0
1000 287.0
947 288.0
941 289.0
997 290.0
928 291.0
973 292.0
961 293.0
954 294.0
963 295.0
977 296.0
967 297.0
957 298.0
955 299.0
1001 300.0
946 301.0
939 302.0
955 303.0
962 304.0
980 305.0
957 306.0
926 307.0
990 308.0
931 309.0
917 310.0
887 311.0
961 312.0
948 313.0
992 314.0
914 315.0
952 316.0
989 317.0
921 318.0
977 319.0
989 320.0
995 321.0
979 322.0
980 323.0
958 324.0
984 325.0
926 326.0
945 327.0
944 328.0
897 329.0
909 330.0
944 331.0
991 332.0
982 333.0
940 334.0
907 335.0
961 336.0
932 337.0
991 338.0
966 339.0
896 340.0
967 341.0
988 342.0
934 343.0
966 344.0
1032 345.0
991 346.0
990 347.0
970 348.0
1004 349.0
984 350.0
992 351.0
902 352.0
950 353.0
954 354.0
989 355.0
962 356.0
930 357.0
974 358.0
927 359.0
965 360.0
984 361.0
948 362.0
912 363.0
920 364.0
1018 365.0
958 366.0
915 367.0
1004 368.0
992 369.0
899 370.0
982 371.0
964 372.0
927 373.0
998 374.0
989 375.0
979 376.0
1025 377.0
971 378.0
994 379.0
928 380.0
984 381.0
911 382.0
980 383.0
946 384.0
976 385.0
952 386.0
951 387.0
945 388.0
880 389.0
880 390.0
952 391.0
928 392.0
906 393.0
958 394.0
916 395.0
945 396.0
984 397.0
1001 398.0
933 399.0
953 400.0
1020 401.0
912 402.0
1004 403.0
901 404.0
977 405.0
922 406.0
1032 407.0
927 408.0
918 409.0
938 410.0
963 411.0
908 412.0
972 413.0
970 414.0
913 415.0
937 416.0
956 417.0
940 418.0
966 419.0
1028 420.0
946 421.0
969 422.0
988 423.0
1011 424.0
1040 425.0
900 426.0
921 427.0
990 428.0
984 429.0
982 430.0
936 431.0
976 432.0
948 433.0
903 434.0
985 435.0
878 436.0
970 437.0
917 438.0
912 439.0
890 440.0
934 441.0
966 442.0
1026 443.0
972 444.0
908 445.0
959 446.0
969 447.0
1047 448.0
965 449.0
