945 -450.0
993 -449.0
959 -448.0
1002 -447.0
1008 -446.0
1030 -445.0
963 -444.0
954 -443.0
983 -442.0
908 -441.0
928 -440.0
1032 -439.0
905 -438.0
1003 -437.0
946 -436.0
923 -435.0
923 -434.0
974 -433.0
972 -432.0
988 -431.0
974 -430.0
980 -429.0
951 -428.0
984 -427.0
946 -426.0
925 -425.0
964 -424.0
937 -423.0
916 -422.0
1022 -421.0
992 -420.0
1001 -419.0
926 -418.0
1003 -417.0
947 -416.0
985 -415.0
976 -414.0
999 -413.0
934 -412.0
1024 -411.0
930 -410.0
957 -409.0
979 -408.0
991 -407.0
1017 -406.0
977 -405.0
1039 -404.0
983 -403.0
993 -402.0
975 -401.0
916 -400.0
927 -399.0
994 -398.0
924 -397.0
956 -396.0
898 -395.0
961 -394.0
988 -393.0
956 -392.0
988 -391.0
1007 -390.0
947 -389.0
991 -388.0
958 -387.0
1008 -386.0
1023 -385.0
1060 -384.0
1027 -383.0
960 -382.0
964 -381.0
1022 -380.0
999 -379.0
973 -378.0
1039 -377.0
928 -376.0
961 -375.0
933 -374.0
944 -373.0
1008 -372.0
1004 -371.0
975 -370.0
940 -369.0
960 -368.0
958 -367.0
992 -366.0
990 -365.0
911 -364.0
983 -363.0
931 -362.0
991 -361.0
993 -360.0
931 -359.0
937 -358.0
980 -357.0
959 -356.0
934 -355.0
899 -354.0
991 -353.0
950 -352.0
904 -351.0
976 -350.0
956 -349.0
969 -348.0
898 -347.0
1015 -346.0
951 -345.0
924 -344.0
976 -343.0
949 -342.0
957 -341.0
985 -340.0
988 -339.0
1009 -338.0
931 -337.0
979 -336.0
920 -335.0
991 -334.0
931 -333.0
1003 -332.0
951 -331.0
1027 -330.0
1030 -329.0
920 -328.0
904 -327.0
963 -326.0
1009 -325.0
979 -324.0
948 -323.0
867 -322.0
920 -321.0
1009 -320.0
968 -319.0
950 -318.0
958 -317.0
889 -316.0
1015 -315.0
906 -314.0
931 -313.0
973 -312.0
955 -311.0
957 -310.0
957 -309.0
984 -308.0
966 -307.0
1046 -306.0
934 -305.0
894 -304.0
944 -303.0
952 -302.0
988 -301.0
917 -300.0
953 -299.0
952 -298.0
952 -297.0
1014 -296.0
1004 -295.0
1018 -294.0
1000 -293.0
1036 -292.0
964 -291.0
997 -290.0
985 -289.0
1000 -288.0
931 -287.0
952 -286.0
898 -285.0
905 -284.0
953 -283.0
935 -282.0
946 -281.0
927 -280.0
999 -279.0
921 -278.0
983 -277.0
955 -276.0
926 -275.0
1018 -274.0
926 -273.0
983 -272.0
972 -271.0
1040 -270.0
963 -269.0
996 -268.0
964 -267.0
1094 -266.0
967 -265.0
1011 -264.0
969 -263.0
960 -262.0
1000 -261.0
955 -260.0
1020 -259.0
1030 -258.0
974 -257.0
907 -256.0
933 -255.0
986 -254.0
991 -253.0
967 -252.0
955 -251.0
1025 -250.0
1030 -249.0
887 -248.0
970 -247.0
999 -246.0
923 -245.0
935 -244.0
941 -243.0
969 -242.0
1016 -241.0
955 -240.0
971 -239.0
893 -238.0
905 -237.0
853 -236.0
989 -235.0
979 -234.0
1019 -233.0
958 -232.0
972 -231.0
953 -230.0
952 -229.0
956 -228.0
928 -227.0
1003 -226.0
969 -225.0
952 -224.0
1002 -223.0
970 -222.0
988 -221.0
1007 -220.0
916 -219.0
896 -218.0
919 -217.0
1070 -216.0
962 -215.0
930 -214.0
1009 -213.0
937 -212.0
925 -211.0
989 -210.0
984 -209.0
989 -208.0
920 -207.0
919 -206.0
995 -205.0
941 -204.0
921 -203.0
1003 -202.0
988 -201.0
880 -200.0
964 -199.0
942 -198.0
966 -197.0
923 -196.0
946 -195.0
1002 -194.0
999 -193.0
966 -192.0
960 -191.0
978 -190.0
944 -189.0
885 -188.0
960 -187.0
974 -186.0
1033 -185.0
978 -184.0
991 -183.0
1020 -182.0
1002 -181.0
1020 -180.0
996 -179.0
969 -178.0
999 -177.0
989 -176.0
1017 -175.0
930 -174.0
869 -173.0
997 -172.0
902 -171.0
966 -170.0
996 -169.0
962 -168.0
955 -167.0
985 -166.0
986 -165.0
961 -164.0
1036 -163.0
981 -162.0
935 -161.0
865 -160.0
953 -159.0
979 -158.0
1017 -157.0
1000 -156.0
965 -155.0
971 -154.0
910 -153.0
958 -152.0
945 -151.0
931 -150.0
975 -149.0
1032 -148.0
1022 -147.0
977 -146.0
978 -145.0
1011 -144.0
1015 -143.0
943 -142.0
961 -141.0
928 -140.0
981 -139.0
1010 -138.0
982 -137.0
987 -136.0
958 -135.0
952 -134.0
915 -133.0
933 -132.0
1002 -131.0
964 -130.0
975 -129.0
980 -128.0
898 -127.0
933 -126.0
935 -125.0
961 -124.0
984 -123.0
913 -122.0
931 -121.0
976 -120.0
887 -119.0
922 -118.0
992 -117.0
952 -116.0
969 -115.0
993 -114.0
939 -113.0
919 -112.0
938 -111.0
931 -110.0
996 -109.0
942 -108.0
1031 -107.0
980 -106.0
972 -105.0
910 -104.0
993 -103.0
953 -102.0
998 -101.0
934 -100.0
916 -99.0
975 -98.0
920 -97.0
894 -96.0
1038 -95.0
930 -94.0
985 -93.0
932 -92.0
939 -91.0
988 -90.0
971 -89.0
913 -88.0
989 -87.0
939 -86.0
979 -85.0
1040 -84.0
1043 -83.0
1006 -82.0
1164 -81.0
1248 -80.0
1525 -79.0
1668 -78.0
1746 -77.0
1960 -76.0
2169 -75.0
2289 -74.0
2467 -73.0
2620 -72.0
2819 -71.0
2863 -70.0
2995 -69.0
3086 -68.0
3187 -67.0
3230 -66.0
3223 -65.0
3352 -64.0
3331 -63.0
3363 -62.0
3418 -61.0
3272 -60.0
3427 -59.0
3451 -58.0
3332 -57.0
3397 -56.0
3503 -55.0
3376 -54.0
3432 -53.0
3476 -52.0
3425 -51.0
3441 -50.0
3459 -49.0
3443 -48.0
3387 -47.0
3467 -46.0
3321 -45.0
3417 -44.0
3339 -43.0
3383 -42.0
3448 -41.0
3393 -40.0
3340 -39.0
3401 -38.0
3376 -37.0
3412 -36.0
3446 -35.0
3404 -34.0
3378 -33.0
3390 -32.0
3478 -31.0
3460 -30.0
3441 -29.0
3419 -28.0
3376 -27.0
3369 -26.0
3385 -25.0
3408 -24.0
3442 -23.0
3472 -22.0
3446 -21.0
3440 -20.0
3395 -19.0
3555 -18.0
3429 -17.0
3500 -16.0
3459 -15.0
3417 -14.0
3441 -13.0
3375 -12.0
3449 -11.0
3382 -10.0
3501 -9.0
3481 -8.0
3404 -7.0
3406 -6.0
3428 -5.0
3326 -4.0
3382 -3.0
3392 -2.0
3510 -1.0
3441 0.0
3391 1.0
3303 2.0
3361 3.0
3376 4.0
3416 5.0
3379 6.0
3359 7.0
3408 8.0
3444 9.0
3418 10.0
3335 11.0
3388 12.0
3400 13.0
3440 14.0
3398 15.0
3400 16.0
3470 17.0
3392 18.0
3437 19.0
3403 20.0
3441 21.0
3391 22.0
3433 23.0
3452 24.0
3441 25.0
3487 26.0
3464 27.0
3347 28.0
3423 29.0
3343 30.0
3490 31.0
3375 32.0
3440 33.0
3406 34.0
3366 35.0
3503 36.0
3399 37.0
3368 38.0
3519 39.0
3383 40.0
3449 41.0
3365 42.0
3416 43.0
3400 44.0
3465 45.0
3430 46.0
3319 47.0
3410 48.0
3399 49.0
3425 50.0
3455 51.0
3414 52.0
3437 53.0
3480 54.0
3403 55.0
3388 56.0
3427 57.0
3396 58.0
3372 59.0
3388 60.0
3444 61.0
3461 62.0
3431 63.0
3437 64.0
3366 65.0
3419 66.0
3411 67.0
3470 68.0
3348 69.0
3395 70.0
3407 71.0
3459 72.0
3457 73.0
3523 74.0
3511 75.0
3517 76.0
3424 77.0
3440 78.0
3365 79.0
3377 80.0
3481 81.0
3397 82.0
3400 83.0
3225 84.0
3308 85.0
3137 86.0
3110 87.0
2977 88.0
2799 89.0
2692 90.0
2456 91.0
2268 92.0
2122 93.0
1801 94.0
1558 95.0
1385 96.0
1193 97.0
1013 98.0
1008 99.0
1019 100.0
978 101.0
1016 102.0
994 103.0
933 104.0
950 105.0
889 106.0
955 107.0
916 108.0
974 109.0
993 110.0
972 111.0
1043 112.0
916 113.0
953 114.0
985 115.0
951 116.0
1011 117.0
932 118.0
964 119.0
929 120.0
990 121.0
951 122.0
914 123.0
955 124.0
936 125.0
1004 126.0
991 127.0
988 128.0
944 129.0
938 130.0
923 131.0
893 132.0
912 133.0
966 134.0
968 135.0
910 136.0
1029 137.0
946 138.0
846 139.0
1007 140.0
969 141.0
916 142.0
984 143.0
930 144.0
959 145.0
946 146.0
921 147.0
955 148.0
968 149.0
924 150.0
935 151.0
885 152.0
987 153.0
937 154.0
932 155.0
979 156.0
985 157.0
955 158.0
966 159.0
960 160.0
982 161.0
1021 162.0
996 163.0
873 164.0
975 165.0
963 166.0
982 167.0
927 168.0
968 169.0
950 170.0
898 171.0
908 172.0
982 173.0
966 174.0
909 175.0
926 176.0
904 177.0
995 178.0
961 179.0
972 180.0
961 181.0
940 182.0
968 183.0
992 184.0
989 185.0
942 186.0
906 187.0
961 188.0
970 189.0
972 190.0
896 191.0
937 192.0
950 193.0
973 194.0
971 195.0
991 196.0
860 197.0
1045 198.0
939 199.0
933 200.0
981 201.0
960 202.0
955 203.0
899 204.0
950 205.0
956 206.0
1031 207.0
953 208.0
982 209.0
1008 210.0
924 211.0
936 212.0
956 213.0
990 214.0
933 215.0
936 216.0
951 217.0
958 218.0
931 219.0
935 220.0
910 221.0
961 222.0
985 223.0
965 224.0
977 225.0
935 226.0
951 227.0
1013 228.0
870 229.0
919 230.0
990 231.0
981 232.0
930 233.0
961 234.0
955 235.0
909 236.0
891 237.0
1014 238.0
1000 239.0
952 240.0
982 241.0
961 242.0
955 243.0
998 244.0
942 245.0
1041 246.0
943 247.0
964 248.0
955 249.0
1030 250.0
936 251.0
936 252.0
957 253.0
889 254.0
949 255.0
940 256.0
968 257.0
892 258.0
899 259.0
1000 260.0
918 261.0
939 262.0
973 263.0
982 264.0
966 265.0
906 266.0
967 267.0
907 268.0
937 269.0
882 270.0
988 271.0
929 272.0
984 273.0
976 274.0
1011 275.0
961 276.0
1020 277.0
990 278.0
968 279.0
978 280.0
980 281.0
1025 282.0
921 283.0
929 284.0
921 285.0
923 286.0
1025 287.0
939 288.0
944 289.0
966 290.0
1001 291.0
905 292.0
980 293.0
903 294.0
938 295.0
883 296.0
968 297.0
979 298.0
949 299.0
992 300.0
949 301.0
928 302.0
947 303.0
955 304.0
918 305.0
973 306.0
973 307.0
945 308.0
977 309.0
969 310.0
936 311.0
904 312.0
927 313.0
999 314.0
983 315.0
997 316.0
972 317.0
991 318.0
984 319.0
996 320.0
966 321.0
943 322.0
960 323.0
974 324.0
986 325.0
869 326.0
899 327.0
977 328.0
916 329.0
926 330.0
920 331.0
898 332.0
905 333.0
951 334.0
983 335.0
985 336.0
968 337.0
958 338.0
950 339.0
988 340.0
988 341.0
997 342.0
940 343.0
971 344.0
972 345.0
1002 346.0
1026 347.0
1027 348.0
922 349.0
999 350.0
987 351.0
921 352.0
936 353.0
944 354.0
933 355.0
1020 356.0
946 357.0
944 358.0
958 359.0
942 360.0
922 361.0
968 362.0
1036 363.0
975 364.0
933 365.0
967 366.0
900 367.0
899 368.0
994 369.0
957 370.0
892 371.0
966 372.0
956 373.0
1009 374.0
982 375.0
933 376.0
943 377.0
947 378.0
959 379.0
1008 380.0
947 381.0
998 382.0
938 383.0
994 384.0
999 385.0
955 386.0
962 387.0
884 388.0
972 389.0
938 390.0
930 391.0
962 392.0
905 393.0
924 394.0
870 395.0
934 396.0
892 397.0
960 398.0
953 399.0
935 400.0
980 401.0
904 402.0
1000 403.0
841 404.0
984 405.0
946 406.0
990 407.0
955 408.0
933 409.0
969 410.0
1016 411.0
970 412.0
960 413.0
986 414.0
926 415.0
972 416.0
942 417.0
920 418.0
970 419.0
937 420.0
945 421.0
971 422.0
922 423.0
892 424.0
997 425.0
894 426.0
857 427.0
937 428.0
961 429.0
936 430.0
898 431.0
889 432.0
991 433.0
951 434.0
1007 435.0
1067 436.0
984 437.0
985 438.0
979 439.0
935 440.0
1003 441.0
924 442.0
972 443.0
918 444.0
1039 445.0
892 446.0
968 447.0
938 448.0
940 449.0
