971 -450.0
943 -449.0
925 -448.0
1033 -447.0
955 -446.0
933 -445.0
987 -444.0
920 -443.0
952 -442.0
964 -441.0
1058 -440.0
1059 -439.0
924 -438.0
983 -437.0
962 -436.0
1004 -435.0
905 -434.0
948 -433.0
923 -432.0
990 -431.0
917 -430.0
928 -429.0
976 -428.0
926 -427.0
919 -426.0
965 -425.0
959 -424.0
934 -423.0
944 -422.0
977 -421.0
969 -420.0
962 -419.0
952 -418.0
1010 -417.0
948 -416.0
976 -415.0
1008 -414.0
966 -413.0
957 -412.0
965 -411.0
970 -410.0
1022 -409.0
956 -408.0
948 -407.0
979 -406.0
1006 -405.0
994 -404.0
967 -403.0
1011 -402.0
927 -401.0
972 -400.0
955 -399.0
958 -398.0
926 -397.0
943 -396.0
967 -395.0
914 -394.0
983 -393.0
996 -392.0
934 -391.0
932 -390.0
935 -389.0
1008 -388.0
988 -387.0
961 -386.0
1015 -385.0
955 -384.0
994 -383.0
941 -382.0
942 -381.0
1019 -380.0
906 -379.0
977 -378.0
981 -377.0
878 -376.0
946 -375.0
931 -374.0
951 -373.0
931 -372.0
937 -371.0
1035 -370.0
1002 -369.0
915 -368.0
985 -367.0
974 -366.0
986 -365.0
922 -364.0
949 -363.0
939 -362.0
944 -361.0
948 -360.0
960 -359.0
980 -358.0
1019 -357.0
963 -356.0
1002 -355.0
964 -354.0
1003 -353.0
995 -352.0
956 -351.0
952 -350.0
953 -349.0
1014 -348.0
946 -347.0
998 -346.0
934 -345.0
977 -344.0
938 -343.0
961 -342.0
980 -341.0
953 -340.0
1035 -339.0
964 -338.0
949 -337.0
946 -336.0
985 -335.0
997 -334.0
941 -333.0
948 -332.0
940 -331.0
1022 -330.0
921 -329.0
1029 -328.0
988 -327.0
1024 -326.0
1030 -325.0
993 -324.0
988 -323.0
988 -322.0
922 -321.0
929 -320.0
932 -319.0
1013 -318.0
937 -317.0
968 -316.0
948 -315.0
995 -314.0
904 -313.0
926 -312.0
959 -311.0
946 -310.0
933 -309.0
978 -308.0
1007 -307.0
986 -306.0
917 -305.0
1007 -304.0
977 -303.0
994 -302.0
982 -301.0
969 -300.0
1001 -299.0
959 -298.0
987 -297.0
939 -296.0
984 -295.0
975 -294.0
1013 -293.0
965 -292.0
991 -291.0
997 -290.0
990 -289.0
968 -288.0
936 -287.0
919 -286.0
948 -285.0
1012 -284.0
955 -283.0
994 -282.0
916 -281.0
987 -280.0
1013 -279.0
912 -278.0
1019 -277.0
982 -276.0
1033 -275.0
1032 -274.0
1048 -273.0
1021 -272.0
954 -271.0
969 -270.0
968 -269.0
970 -268.0
1050 -267.0
972 -266.0
988 -265.0
1045 -264.0
1043 -263.0
1019 -262.0
1024 -261.0
974 -260.0
1004 -259.0
1056 -258.0
1028 -257.0
989 -256.0
984 -255.0
1029 -254.0
1001 -253.0
1036 -252.0
1004 -251.0
906 -250.0
1010 -249.0
1014 -248.0
1154 -247.0
1023 -246.0
1000 -245.0
1028 -244.0
1042 -243.0
1068 -242.0
1057 -241.0
966 -240.0
1041 -239.0
1082 -238.0
1044 -237.0
1033 -236.0
1034 -235.0
1064 -234.0
1060 -233.0
1061 -232.0
1091 -231.0
1011 -230.0
1054 -229.0
1040 -228.0
1007 -227.0
1112 -226.0
1130 -225.0
1162 -224.0
1099 -223.0
1126 -222.0
1123 -221.0
1084 -220.0
1093 -219.0
1108 -218.0
1150 -217.0
1029 -216.0
1053 -215.0
1071 -214.0
1065 -213.0
1081 -212.0
1060 -211.0
1063 -210.0
1101 -209.0
1100 -208.0
1123 -207.0
1041 -206.0
1081 -205.0
1126 -204.0
1148 -203.0
1230 -202.0
1129 -201.0
1143 -200.0
1131 -199.0
1147 -198.0
1228 -197.0
1207 -196.0
1156 -195.0
1140 -194.0
1118 -193.0
1176 -192.0
1192 -191.0
1078 -190.0
1139 -189.0
1155 -188.0
1107 -187.0
1177 -186.0
1146 -185.0
1164 -184.0
1215 -183.0
1179 -182.0
1190 -181.0
1264 -180.0
1223 -179.0
1127 -178.0
1167 -177.0
1200 -176.0
1258 -175.0
1247 -174.0
1332 -173.0
1296 -172.0
1299 -171.0
1310 -170.0
1343 -169.0
1269 -168.0
1297 -167.0
1321 -166.0
1257 -165.0
1284 -164.0
1320 -163.0
1320 -162.0
1255 -161.0
1245 -160.0
1315 -159.0
1339 -158.0
1320 -157.0
1244 -156.0
1299 -155.0
1261 -154.0
1392 -153.0
1287 -152.0
1399 -151.0
1316 -150.0
1359 -149.0
1344 -148.0
1288 -147.0
1310 -146.0
1385 -145.0
1428 -144.0
1403 -143.0
1421 -142.0
1432 -141.0
1446 -140.0
1375 -139.0
1435 -138.0
1426 -137.0
1532 -136.0
1400 -135.0
1517 -134.0
1388 -133.0
1398 -132.0
1385 -131.0
1430 -130.0
1455 -129.0
1358 -128.0
1436 -127.0
1493 -126.0
1528 -125.0
1572 -124.0
1564 -123.0
1539 -122.0
1458 -121.0
1464 -120.0
1507 -119.0
1529 -118.0
1545 -117.0
1508 -116.0
1351 -115.0
1529 -114.0
1612 -113.0
1606 -112.0
1616 -111.0
1627 -110.0
1481 -109.0
1503 -108.0
1550 -107.0
1466 -106.0
1582 -105.0
1629 -104.0
1528 -103.0
1509 -102.0
1579 -101.0
1581 -100.0
1557 -99.0
1570 -98.0
1567 -97.0
1468 -96.0
1528 -95.0
1379 -94.0
1537 -93.0
1513 -92.0
1552 -91.0
1583 -90.0
1648 -89.0
1516 -88.0
1633 -87.0
1666 -86.0
1711 -85.0
1632 -84.0
1612 -83.0
1569 -82.0
1685 -81.0
1654 -80.0
1705 -79.0
1716 -78.0
1612 -77.0
1604 -76.0
1594 -75.0
1716 -74.0
1750 -73.0
1746 -72.0
1751 -71.0
1760 -70.0
1625 -69.0
1618 -68.0
1687 -67.0
1735 -66.0
1760 -65.0
1665 -64.0
1813 -63.0
1784 -62.0
1778 -61.0
1674 -60.0
1779 -59.0
1673 -58.0
1624 -57.0
1642 -56.0
1693 -55.0
1781 -54.0
1774 -53.0
1811 -52.0
1686 -51.0
1760 -50.0
1716 -49.0
1844 -48.0
1573 -47.0
1662 -46.0
1735 -45.0
1830 -44.0
1715 -43.0
1815 -42.0
1848 -41.0
1902 -40.0
1772 -39.0
1839 -38.0
1842 -37.0
1844 -36.0
1750 -35.0
1792 -34.0
1719 -33.0
1792 -32.0
1604 -31.0
1657 -30.0
1692 -29.0
1755 -28.0
1610 -27.0
1709 -26.0
1657 -25.0
1619 -24.0
1696 -23.0
1660 -22.0
1710 -21.0
1681 -20.0
1681 -19.0
1843 -18.0
1855 -17.0
1786 -16.0
1800 -15.0
1761 -14.0
1768 -13.0
1716 -12.0
1705 -11.0
1700 -10.0
1624 -9.0
1631 -8.0
1626 -7.0
1647 -6.0
1688 -5.0
1583 -4.0
1660 -3.0
1619 -2.0
1685 -1.0
1650 0.0
1646 1.0
1687 2.0
1593 3.0
1697 4.0
1647 5.0
1647 6.0
1777 7.0
1670 8.0
1656 9.0
1538 10.0
1663 11.0
1599 12.0
1640 13.0
1568 14.0
1736 15.0
1574 16.0
1505 17.0
1618 18.0
1606 19.0
1552 20.0
1583 21.0
1564 22.0
1661 23.0
1558 24.0
1438 25.0
1518 26.0
1475 27.0
1472 28.0
1461 29.0
1511 30.0
1505 31.0
1490 32.0
1482 33.0
1558 34.0
1604 35.0
1556 36.0
1442 37.0
1541 38.0
1466 39.0
1516 40.0
1527 41.0
1499 42.0
1421 43.0
1451 44.0
1505 45.0
1378 46.0
1381 47.0
1463 48.0
1464 49.0
1443 50.0
1451 51.0
1502 52.0
1454 53.0
1446 54.0
1384 55.0
1434 56.0
1443 57.0
1440 58.0
1434 59.0
1501 60.0
1452 61.0
1358 62.0
1390 63.0
1470 64.0
1428 65.0
1407 66.0
1508 67.0
1422 68.0
1336 69.0
1416 70.0
1431 71.0
1423 72.0
1415 73.0
1547 74.0
1397 75.0
1376 76.0
1352 77.0
1402 78.0
1297 79.0
1371 80.0
1363 81.0
1224 82.0
1229 83.0
1223 84.0
1314 85.0
1247 86.0
1331 87.0
1253 88.0
1274 89.0
1305 90.0
1263 91.0
1305 92.0
1293 93.0
1300 94.0
1298 95.0
1316 96.0
1335 97.0
1359 98.0
1285 99.0
1331 100.0
1221 101.0
1238 102.0
1267 103.0
1258 104.0
1176 105.0
1281 106.0
1216 107.0
1289 108.0
1239 109.0
1152 110.0
1188 111.0
1190 112.0
1224 113.0
1159 114.0
1200 115.0
1137 116.0
1225 117.0
1125 118.0
1166 119.0
1116 120.0
1231 121.0
1207 122.0
1109 123.0
1170 124.0
1080 125.0
1164 126.0
1121 127.0
1129 128.0
1152 129.0
1113 130.0
1166 131.0
1153 132.0
1108 133.0
1159 134.0
1079 135.0
1076 136.0
1072 137.0
1068 138.0
1056 139.0
1059 140.0
1075 141.0
1032 142.0
1030 143.0
1086 144.0
1065 145.0
1081 146.0
1022 147.0
1117 148.0
1095 149.0
1086 150.0
1080 151.0
1048 152.0
1073 153.0
1069 154.0
994 155.0
1050 156.0
1061 157.0
1041 158.0
1056 159.0
1108 160.0
1075 161.0
1053 162.0
998 163.0
997 164.0
942 165.0
1052 166.0
1013 167.0
1088 168.0
1032 169.0
1011 170.0
1052 171.0
1115 172.0
1093 173.0
1149 174.0
1097 175.0
1113 176.0
1106 177.0
1106 178.0
1060 179.0
988 180.0
999 181.0
998 182.0
990 183.0
1018 184.0
1065 185.0
1027 186.0
983 187.0
975 188.0
1036 189.0
996 190.0
1075 191.0
1004 192.0
1031 193.0
1019 194.0
964 195.0
1016 196.0
1033 197.0
1066 198.0
1059 199.0
1075 200.0
1087 201.0
992 202.0
1033 203.0
1032 204.0
1011 205.0
1114 206.0
998 207.0
1031 208.0
1024 209.0
1004 210.0
1032 211.0
998 212.0
1017 213.0
1010 214.0
998 215.0
1023 216.0
992 217.0
1004 218.0
1015 219.0
987 220.0
945 221.0
956 222.0
948 223.0
975 224.0
1020 225.0
958 226.0
994 227.0
1015 228.0
963 229.0
1055 230.0
968 231.0
1018 232.0
993 233.0
963 234.0
979 235.0
1033 236.0
1000 237.0
946 238.0
954 239.0
952 240.0
1003 241.0
1007 242.0
950 243.0
927 244.0
975 245.0
966 246.0
1027 247.0
932 248.0
976 249.0
953 250.0
898 251.0
994 252.0
915 253.0
933 254.0
946 255.0
913 256.0
873 257.0
936 258.0
983 259.0
983 260.0
1011 261.0
1023 262.0
945 263.0
974 264.0
937 265.0
1034 266.0
937 267.0
952 268.0
976 269.0
959 270.0
881 271.0
932 272.0
943 273.0
980 274.0
987 275.0
953 276.0
970 277.0
897 278.0
909 279.0
977 280.0
952 281.0
952 282.0
941 283.0
948 284.0
979 285.0
981 286.0
928 287.0
968 288.0
977 289.0
975 290.0
995 291.0
975 292.0
942 293.0
964 294.0
930 295.0
957 296.0
872 297.0
959 298.0
903 299.0
913 300.0
958 301.0
1037 302.0
970 303.0
935 304.0
991 305.0
992 306.0
997 307.0
1018 308.0
914 309.0
967 310.0
1002 311.0
928 312.0
954 313.0
923 314.0
978 315.0
922 316.0
976 317.0
943 318.0
884 319.0
964 320.0
915 321.0
901 322.0
950 323.0
954 324.0
1023 325.0
920 326.0
943 327.0
951 328.0
951 329.0
992 330.0
991 331.0
886 332.0
944 333.0
914 334.0
888 335.0
883 336.0
934 337.0
954 338.0
946 339.0
912 340.0
943 341.0
957 342.0
1016 343.0
1008 344.0
963 345.0
946 346.0
974 347.0
1024 348.0
958 349.0
953 350.0
926 351.0
963 352.0
1015 353.0
918 354.0
952 355.0
960 356.0
986 357.0
1017 358.0
929 359.0
997 360.0
1002 361.0
1025 362.0
935 363.0
984 364.0
984 365.0
969 366.0
975 367.0
902 368.0
994 369.0
991 370.0
883 371.0
1004 372.0
936 373.0
934 374.0
965 375.0
963 376.0
941 377.0
893 378.0
944 379.0
890 380.0
894 381.0
896 382.0
976 383.0
909 384.0
949 385.0
988 386.0
980 387.0
960 388.0
959 389.0
925 390.0
968 391.0
965 392.0
971 393.0
994 394.0
1001 395.0
972 396.0
960 397.0
910 398.0
975 399.0
900 400.0
959 401.0
950 402.0
976 403.0
935 404.0
913 405.0
956 406.0
864 407.0
988 408.0
944 409.0
912 410.0
910 411.0
988 412.0
952 413.0
982 414.0
998 415.0
996 416.0
977 417.0
1055 418.0
1017 419.0
997 420.0
946 421.0
976 422.0
957 423.0
966 424.0
932 425.0
959 426.0
998 427.0
884 428.0
958 429.0
961 430.0
877 431.0
955 432.0
960 433.0
978 434.0
1003 435.0
973 436.0
974 437.0
999 438.0
1002 439.0
982 440.0
960 441.0
953 442.0
966 443.0
897 444.0
959 445.0
983 446.0
914 447.0
995 448.0
993 449.0
