896 -450.0
968 -449.0
915 -448.0
932 -447.0
959 -446.0
936 -445.0
914 -444.0
918 -443.0
931 -442.0
972 -441.0
990 -440.0
947 -439.0
934 -438.0
996 -437.0
880 -436.0
924 -435.0
1009 -434.0
996 -433.0
1026 -432.0
992 -431.0
988 -430.0
893 -429.0
999 -428.0
900 -427.0
974 -426.0
977 -425.0
1016 -424.0
967 -423.0
939 -422.0
915 -421.0
936 -420.0
982 -419.0
1015 -418.0
858 -417.0
990 -416.0
896 -415.0
983 -414.0
1020 -413.0
997 -412.0
924 -411.0
930 -410.0
944 -409.0
946 -408.0
965 -407.0
1009 -406.0
984 -405.0
1011 -404.0
928 -403.0
982 -402.0
909 -401.0
928 -400.0
1038 -399.0
1054 -398.0
998 -397.0
937 -396.0
1034 -395.0
1014 -394.0
1049 -393.0
1023 -392.0
1024 -391.0
978 -390.0
946 -389.0
1003 -388.0
902 -387.0
1002 -386.0
960 -385.0
936 -384.0
974 -383.0
983 -382.0
915 -381.0
930 -380.0
948 -379.0
927 -378.0
926 -377.0
930 -376.0
945 -375.0
918 -374.0
886 -373.0
928 -372.0
967 -371.0
928 -370.0
862 -369.0
866 -368.0
935 -367.0
989 -366.0
960 -365.0
918 -364.0
1006 -363.0
964 -362.0
898 -361.0
951 -360.0
927 -359.0
915 -358.0
968 -357.0
998 -356.0
899 -355.0
943 -354.0
958 -353.0
962 -352.0
984 -351.0
1014 -350.0
1038 -349.0
955 -348.0
996 -347.0
936 -346.0
876 -345.0
989 -344.0
897 -343.0
976 -342.0
966 -341.0
956 -340.0
916 -339.0
1026 -338.0
884 -337.0
877 -336.0
944 -335.0
926 -334.0
907 -333.0
976 -332.0
911 -331.0
900 -330.0
959 -329.0
921 -328.0
920 -327.0
902 -326.0
911 -325.0
1006 -324.0
999 -323.0
985 -322.0
955 -321.0
950 -320.0
955 -319.0
964 -318.0
1024 -317.0
939 -316.0
1004 -315.0
1009 -314.0
1033 -313.0
1033 -312.0
1026 -311.0
993 -310.0
963 -309.0
956 -308.0
921 -307.0
992 -306.0
958 -305.0
906 -304.0
920 -303.0
969 -302.0
953 -301.0
978 -300.0
975 -299.0
947 -298.0
918 -297.0
922 -296.0
947 -295.0
898 -294.0
994 -293.0
894 -292.0
991 -291.0
884 -290.0
963 -289.0
915 -288.0
936 -287.0
903 -286.0
1017 -285.0
1004 -284.0
1009 -283.0
1051 -282.0
968 -281.0
948 -280.0
947 -279.0
963 -278.0
1049 -277.0
913 -276.0
1010 -275.0
1010 -274.0
923 -273.0
936 -272.0
969 -271.0
945 -270.0
917 -269.0
944 -268.0
994 -267.0
936 -266.0
947 -265.0
934 -264.0
979 -263.0
959 -262.0
924 -261.0
908 -260.0
929 -259.0
984 -258.0
1112 -257.0
975 -256.0
932 -255.0
949 -254.0
963 -253.0
918 -252.0
960 -251.0
926 -250.0
903 -249.0
904 -248.0
963 -247.0
927 -246.0
957 -245.0
898 -244.0
959 -243.0
994 -242.0
1020 -241.0
968 -240.0
986 -239.0
938 -238.0
915 -237.0
979 -236.0
947 -235.0
972 -234.0
927 -233.0
999 -232.0
953 -231.0
971 -230.0
964 -229.0
937 -228.0
1003 -227.0
987 -226.0
985 -225.0
1045 -224.0
967 -223.0
881 -222.0
945 -221.0
953 -220.0
881 -219.0
1028 -218.0
988 -217.0
942 -216.0
944 -215.0
955 -214.0
975 -213.0
973 -212.0
1065 -211.0
924 -210.0
964 -209.0
956 -208.0
948 -207.0
895 -206.0
916 -205.0
944 -204.0
920 -203.0
978 -202.0
1000 -201.0
979 -200.0
1004 -199.0
914 -198.0
918 -197.0
971 -196.0
923 -195.0
910 -194.0
920 -193.0
918 -192.0
942 -191.0
940 -190.0
1036 -189.0
920 -188.0
989 -187.0
955 -186.0
981 -185.0
955 -184.0
942 -183.0
911 -182.0
936 -181.0
924 -180.0
957 -179.0
932 -178.0
960 -177.0
996 -176.0
934 -175.0
934 -174.0
957 -173.0
979 -172.0
970 -171.0
892 -170.0
993 -169.0
876 -168.0
917 -167.0
972 -166.0
995 -165.0
991 -164.0
974 -163.0
946 -162.0
980 -161.0
879 -160.0
909 -159.0
954 -158.0
969 -157.0
954 -156.0
948 -155.0
929 -154.0
893 -153.0
883 -152.0
968 -151.0
921 -150.0
953 -149.0
982 -148.0
895 -147.0
995 -146.0
933 -145.0
1001 -144.0
975 -143.0
958 -142.0
987 -141.0
934 -140.0
945 -139.0
944 -138.0
958 -137.0
948 -136.0
971 -135.0
944 -134.0
967 -133.0
964 -132.0
997 -131.0
924 -130.0
990 -129.0
975 -128.0
950 -127.0
953 -126.0
952 -125.0
929 -124.0
935 -123.0
860 -122.0
878 -121.0
987 -120.0
941 -119.0
975 -118.0
988 -117.0
945 -116.0
922 -115.0
954 -114.0
1054 -113.0
878 -112.0
935 -111.0
916 -110.0
984 -109.0
914 -108.0
927 -107.0
917 -106.0
990 -105.0
976 -104.0
902 -103.0
969 -102.0
1081 -101.0
1111 -100.0
1062 -99.0
1020 -98.0
1047 -97.0
1195 -96.0
1188 -95.0
1191 -94.0
1262 -93.0
1246 -92.0
1192 -91.0
1332 -90.0
1368 -89.0
1491 -88.0
1643 -87.0
1603 -86.0
1627 -85.0
1723 -84.0
1713 -83.0
1652 -82.0
1760 -81.0
1863 -80.0
2070 -79.0
2175 -78.0
2046 -77.0
1984 -76.0
2031 -75.0
2052 -74.0
2142 -73.0
2214 -72.0
2425 -71.0
2267 -70.0
2440 -69.0
2318 -68.0
2260 -67.0
2456 -66.0
2616 -65.0
2570 -64.0
2528 -63.0
2692 -62.0
2886 -61.0
2945 -60.0
2889 -59.0
2977 -58.0
3017 -57.0
3060 -56.0
3074 -55.0
3080 -54.0
3175 -53.0
3200 -52.0
3109 -51.0
3203 -50.0
3268 -49.0
3362 -48.0
3323 -47.0
3396 -46.0
3379 -45.0
3463 -44.0
3310 -43.0
3382 -42.0
3465 -41.0
3342 -40.0
3320 -39.0
3304 -38.0
3436 -37.0
3405 -36.0
3379 -35.0
3381 -34.0
3468 -33.0
3400 -32.0
3385 -31.0
3411 -30.0
3469 -29.0
3342 -28.0
3346 -27.0
3360 -26.0
3399 -25.0
3346 -24.0
3402 -23.0
3441 -22.0
3352 -21.0
3458 -20.0
3441 -19.0
3430 -18.0
3447 -17.0
3393 -16.0
3417 -15.0
3448 -14.0
3390 -13.0
3469 -12.0
3457 -11.0
3390 -10.0
3471 -9.0
3431 -8.0
3468 -7.0
3407 -6.0
3435 -5.0
3388 -4.0
3367 -3.0
3430 -2.0
3387 -1.0
3403 0.0
3411 1.0
3384 2.0
3403 3.0
3360 4.0
3408 5.0
3373 6.0
3389 7.0
3355 8.0
3352 9.0
3458 10.0
3420 11.0
3478 12.0
3416 13.0
3478 14.0
3408 15.0
3384 16.0
3400 17.0
3534 18.0
3436 19.0
3445 20.0
3402 21.0
3420 22.0
3461 23.0
3415 24.0
3379 25.0
3397 26.0
3465 27.0
3456 28.0
3495 29.0
3545 30.0
3368 31.0
3433 32.0
3278 33.0
3399 34.0
3337 35.0
3394 36.0
3517 37.0
3394 38.0
3368 39.0
3384 40.0
3406 41.0
3432 42.0
3367 43.0
3406 44.0
3416 45.0
3368 46.0
3351 47.0
3320 48.0
3411 49.0
3459 50.0
3421 51.0
3335 52.0
3435 53.0
3409 54.0
3410 55.0
3412 56.0
3387 57.0
3369 58.0
3437 59.0
3470 60.0
3430 61.0
3392 62.0
3464 63.0
3407 64.0
3392 65.0
3437 66.0
3427 67.0
3444 68.0
3388 69.0
3359 70.0
3170 71.0
3260 72.0
3204 73.0
3052 74.0
3086 75.0
2896 76.0
2811 77.0
2576 78.0
2510 79.0
2227 80.0
2016 81.0
1914 82.0
1714 83.0
1580 84.0
1475 85.0
1358 86.0
1339 87.0
1247 88.0
1209 89.0
1178 90.0
1075 91.0
1057 92.0
1010 93.0
1013 94.0
949 95.0
944 96.0
969 97.0
972 98.0
1023 99.0
987 100.0
978 101.0
886 102.0
907 103.0
937 104.0
989 105.0
1021 106.0
994 107.0
911 108.0
947 109.0
980 110.0
978 111.0
908 112.0
931 113.0
997 114.0
954 115.0
935 116.0
943 117.0
971 118.0
950 119.0
856 120.0
961 121.0
1006 122.0
1013 123.0
963 124.0
971 125.0
945 126.0
962 127.0
987 128.0
981 129.0
890 130.0
911 131.0
941 132.0
980 133.0
982 134.0
917 135.0
930 136.0
919 137.0
947 138.0
881 139.0
988 140.0
1006 141.0
1074 142.0
1023 143.0
913 144.0
944 145.0
972 146.0
996 147.0
944 148.0
943 149.0
982 150.0
952 151.0
1023 152.0
918 153.0
956 154.0
960 155.0
984 156.0
886 157.0
1022 158.0
996 159.0
931 160.0
946 161.0
907 162.0
943 163.0
956 164.0
948 165.0
953 166.0
947 167.0
905 168.0
900 169.0
948 170.0
1027 171.0
993 172.0
965 173.0
935 174.0
942 175.0
965 176.0
1001 177.0
935 178.0
970 179.0
935 180.0
915 181.0
931 182.0
886 183.0
902 184.0
992 185.0
960 186.0
1014 187.0
933 188.0
926 189.0
952 190.0
909 191.0
945 192.0
934 193.0
922 194.0
942 195.0
940 196.0
978 197.0
914 198.0
881 199.0
919 200.0
1017 201.0
958 202.0
951 203.0
963 204.0
943 205.0
926 206.0
961 207.0
955 208.0
910 209.0
988 210.0
974 211.0
963 212.0
976 213.0
972 214.0
1018 215.0
929 216.0
998 217.0
971 218.0
905 219.0
929 220.0
892 221.0
897 222.0
944 223.0
994 224.0
972 225.0
921 226.0
1001 227.0
898 228.0
898 229.0
937 230.0
925 231.0
899 232.0
999 233.0
939 234.0
981 235.0
914 236.0
891 237.0
940 238.0
928 239.0
988 240.0
932 241.0
933 242.0
1035 243.0
989 244.0
927 245.0
975 246.0
967 247.0
948 248.0
970 249.0
954 250.0
972 251.0
930 252.0
959 253.0
995 254.0
989 255.0
992 256.0
945 257.0
1003 258.0
995 259.0
984 260.0
932 261.0
979 262.0
942 263.0
944 264.0
889 265.0
950 266.0
946 267.0
898 268.0
993 269.0
938 270.0
879 271.0
857 272.0
947 273.0
984 274.0
949 275.0
989 276.0
957 277.0
934 278.0
923 279.0
984 280.0
942 281.0
909 282.0
963 283.0
963 284.0
931 285.0
988 286.0
982 287.0
977 288.0
1020 289.0
888 290.0
1026 291.0
971 292.0
941 293.0
903 294.0
965 295.0
960 296.0
947 297.0
987 298.0
932 299.0
1005 300.0
947 301.0
870 302.0
963 303.0
940 304.0
939 305.0
920 306.0
936 307.0
887 308.0
928 309.0
936 310.0
1036 311.0
915 312.0
896 313.0
949 314.0
1020 315.0
936 316.0
998 317.0
992 318.0
961 319.0
957 320.0
938 321.0
997 322.0
959 323.0
995 324.0
952 325.0
988 326.0
1028 327.0
863 328.0
906 329.0
926 330.0
886 331.0
903 332.0
1022 333.0
937 334.0
993 335.0
979 336.0
923 337.0
933 338.0
942 339.0
941 340.0
876 341.0
893 342.0
887 343.0
960 344.0
951 345.0
959 346.0
959 347.0
898 348.0
979 349.0
942 350.0
972 351.0
984 352.0
1008 353.0
1009 354.0
943 355.0
959 356.0
997 357.0
1058 358.0
993 359.0
953 360.0
970 361.0
959 362.0
911 363.0
913 364.0
957 365.0
956 366.0
936 367.0
961 368.0
936 369.0
925 370.0
928 371.0
932 372.0
960 373.0
992 374.0
996 375.0
975 376.0
1054 377.0
907 378.0
927 379.0
953 380.0
908 381.0
963 382.0
979 383.0
942 384.0
1018 385.0
963 386.0
919 387.0
954 388.0
948 389.0
957 390.0
929 391.0
1007 392.0
1001 393.0
984 394.0
992 395.0
933 396.0
943 397.0
963 398.0
992 399.0
1055 400.0
986 401.0
960 402.0
975 403.0
978 404.0
976 405.0
969 406.0
858 407.0
1000 408.0
1008 409.0
964 410.0
937 411.0
941 412.0
977 413.0
959 414.0
935 415.0
973 416.0
973 417.0
890 418.0
886 419.0
900 420.0
903 421.0
928 422.0
899 423.0
928 424.0
965 425.0
1018 426.0
987 427.0
957 428.0
1000 429.0
1005 430.0
912 431.0
957 432.0
1032 433.0
952 434.0
926 435.0
944 436.0
973 437.0
972 438.0
960 439.0
963 440.0
1073 441.0
941 442.0
956 443.0
942 444.0
957 445.0
952 446.0
994 447.0
939 448.0
991 449.0
