936 -450.0
1012 -449.0
955 -448.0
970 -447.0
1038 -446.0
984 -445.0
950 -444.0
949 -443.0
920 -442.0
980 -441.0
986 -440.0
913 -439.0
975 -438.0
948 -437.0
932 -436.0
974 -435.0
936 -434.0
959 -433.0
997 -432.0
981 -431.0
969 -430.0
988 -429.0
932 -428.0
917 -427.0
982 -426.0
958 -425.0
928 -424.0
889 -423.0
912 -422.0
920 -421.0
924 -420.0
984 -419.0
986 -418.0
1007 -417.0
1027 -416.0
990 -415.0
960 -414.0
927 -413.0
960 -412.0
1023 -411.0
904 -410.0
1014 -409.0
1017 -408.0
936 -407.0
948 -406.0
952 -405.0
903 -404.0
976 -403.0
965 -402.0
952 -401.0
956 -400.0
996 -399.0
895 -398.0
1012 -397.0
936 -396.0
953 -395.0
956 -394.0
992 -393.0
963 -392.0
976 -391.0
942 -390.0
955 -389.0
968 -388.0
995 -387.0
952 -386.0
1006 -385.0
1000 -384.0
1004 -383.0
1007 -382.0
976 -381.0
1001 -380.0
954 -379.0
960 -378.0
905 -377.0
977 -376.0
977 -375.0
951 -374.0
933 -373.0
915 -372.0
928 -371.0
920 -370.0
948 -369.0
990 -368.0
915 -367.0
985 -366.0
957 -365.0
922 -364.0
878 -363.0
1002 -362.0
928 -361.0
973 -360.0
963 -359.0
1030 -358.0
965 -357.0
1020 -356.0
995 -355.0
1036 -354.0
1003 -353.0
1020 -352.0
919 -351.0
1051 -350.0
952 -349.0
954 -348.0
965 -347.0
985 -346.0
1000 -345.0
888 -344.0
976 -343.0
940 -342.0
918 -341.0
978 -340.0
942 -339.0
964 -338.0
961 -337.0
898 -336.0
929 -335.0
889 -334.0
979 -333.0
966 -332.0
938 -331.0
996 -330.0
975 -329.0
894 -328.0
968 -327.0
942 -326.0
954 -325.0
1015 -324.0
990 -323.0
959 -322.0
971 -321.0
938 -320.0
1013 -319.0
1033 -318.0
965 -317.0
974 -316.0
990 -315.0
1000 -314.0
974 -313.0
986 -312.0
1000 -311.0
921 -310.0
876 -309.0
917 -308.0
952 -307.0
973 -306.0
928 -305.0
861 -304.0
961 -303.0
942 -302.0
1022 -301.0
910 -300.0
959 -299.0
982 -298.0
977 -297.0
948 -296.0
944 -295.0
963 -294.0
969 -293.0
949 -292.0
1005 -291.0
952 -290.0
988 -289.0
1006 -288.0
989 -287.0
925 -286.0
969 -285.0
982 -284.0
1032 -283.0
949 -282.0
981 -281.0
971 -280.0
988 -279.0
966 -278.0
975 -277.0
998 -276.0
952 -275.0
967 -274.0
963 -273.0
1043 -272.0
966 -271.0
964 -270.0
1001 -269.0
924 -268.0
991 -267.0
904 -266.0
962 -265.0
948 -264.0
932 -263.0
932 -262.0
952 -261.0
980 -260.0
986 -259.0
1037 -258.0
1013 -257.0
992 -256.0
998 -255.0
998 -254.0
1027 -253.0
948 -252.0
975 -251.0
981 -250.0
1038 -249.0
856 -248.0
926 -247.0
939 -246.0
966 -245.0
948 -244.0
923 -243.0
965 -242.0
938 -241.0
999 -240.0
1001 -239.0
993 -238.0
980 -237.0
959 -236.0
990 -235.0
977 -234.0
964 -233.0
924 -232.0
958 -231.0
1002 -230.0
1047 -229.0
943 -228.0
993 -227.0
935 -226.0
966 -225.0
1011 -224.0
970 -223.0
1001 -222.0
984 -221.0
958 -220.0
949 -219.0
920 -218.0
916 -217.0
1008 -216.0
966 -215.0
1024 -214.0
957 -213.0
986 -212.0
951 -211.0
952 -210.0
1016 -209.0
1002 -208.0
1005 -207.0
978 -206.0
1027 -205.0
974 -204.0
965 -203.0
1056 -202.0
1052 -201.0
1002 -200.0
959 -199.0
995 -198.0
906 -197.0
992 -196.0
934 -195.0
941 -194.0
991 -193.0
1031 -192.0
1091 -191.0
939 -190.0
1025 -189.0
949 -188.0
952 -187.0
953 -186.0
939 -185.0
1018 -184.0
1066 -183.0
1032 -182.0
991 -181.0
967 -180.0
1039 -179.0
1006 -178.0
1036 -177.0
1040 -176.0
1097 -175.0
1064 -174.0
1033 -173.0
1054 -172.0
1047 -171.0
1061 -170.0
1023 -169.0
1026 -168.0
1056 -167.0
1054 -166.0
1023 -165.0
1031 -164.0
1078 -163.0
1158 -162.0
1076 -161.0
1084 -160.0
1088 -159.0
1148 -158.0
1220 -157.0
1145 -156.0
1191 -155.0
1075 -154.0
1113 -153.0
1107 -152.0
1202 -151.0
1092 -150.0
1236 -149.0
1266 -148.0
1164 -147.0
1132 -146.0
1212 -145.0
1218 -144.0
1233 -143.0
1193 -142.0
1196 -141.0
1213 -140.0
1215 -139.0
1279 -138.0
1305 -137.0
1383 -136.0
1271 -135.0
1280 -134.0
1300 -133.0
1248 -132.0
1278 -131.0
1235 -130.0
1327 -129.0
1248 -128.0
1480 -127.0
1298 -126.0
1360 -125.0
1347 -124.0
1431 -123.0
1369 -122.0
1446 -121.0
1470 -120.0
1454 -119.0
1422 -118.0
1364 -117.0
1455 -116.0
1506 -115.0
1451 -114.0
1390 -113.0
1431 -112.0
1444 -111.0
1448 -110.0
1408 -109.0
1534 -108.0
1507 -107.0
1558 -106.0
1517 -105.0
1683 -104.0
1710 -103.0
1715 -102.0
1703 -101.0
1807 -100.0
1708 -99.0
1729 -98.0
1671 -97.0
1615 -96.0
1603 -95.0
1535 -94.0
1643 -93.0
1784 -92.0
1873 -91.0
1641 -90.0
1753 -89.0
1792 -88.0
1818 -87.0
1976 -86.0
1938 -85.0
2071 -84.0
1934 -83.0
1971 -82.0
1951 -81.0
1909 -80.0
2037 -79.0
1880 -78.0
1856 -77.0
1980 -76.0
2091 -75.0
1961 -74.0
2030 -73.0
2018 -72.0
2070 -71.0
1963 -70.0
2171 -69.0
2052 -68.0
2133 -67.0
2093 -66.0
2053 -65.0
2147 -64.0
2120 -63.0
2233 -62.0
2234 -61.0
2298 -60.0
2271 -59.0
2193 -58.0
2318 -57.0
2287 -56.0
2279 -55.0
2313 -54.0
2341 -53.0
2248 -52.0
2448 -51.0
2432 -50.0
2463 -49.0
2395 -48.0
2412 -47.0
2506 -46.0
2509 -45.0
2432 -44.0
2424 -43.0
2439 -42.0
2601 -41.0
2491 -40.0
2471 -39.0
2483 -38.0
2550 -37.0
2578 -36.0
2609 -35.0
2647 -34.0
2713 -33.0
2716 -32.0
2642 -31.0
2714 -30.0
2866 -29.0
2737 -28.0
2709 -27.0
2877 -26.0
2942 -25.0
2932 -24.0
2806 -23.0
2842 -22.0
2831 -21.0
2926 -20.0
2809 -19.0
3025 -18.0
2950 -17.0
2835 -16.0
2891 -15.0
2842 -14.0
2912 -13.0
2977 -12.0
2814 -11.0
2905 -10.0
2784 -9.0
2934 -8.0
2706 -7.0
2941 -6.0
2777 -5.0
2930 -4.0
2801 -3.0
2852 -2.0
2687 -1.0
2877 0.0
2909 1.0
2907 2.0
2829 3.0
2838 4.0
2820 5.0
2886 6.0
2878 7.0
2825 8.0
2862 9.0
2841 10.0
2796 11.0
2878 12.0
2903 13.0
2856 14.0
2783 15.0
2735 16.0
2758 17.0
2503 18.0
2704 19.0
2752 20.0
2658 21.0
2529 22.0
2529 23.0
2532 24.0
2538 25.0
2673 26.0
2618 27.0
2700 28.0
2600 29.0
2466 30.0
2475 31.0
2352 32.0
2502 33.0
2356 34.0
2487 35.0
2290 36.0
2322 37.0
2276 38.0
2178 39.0
2203 40.0
2226 41.0
2299 42.0
2240 43.0
2343 44.0
2191 45.0
2188 46.0
2147 47.0
2340 48.0
2248 49.0
2141 50.0
2072 51.0
2217 52.0
2028 53.0
1961 54.0
1955 55.0
2106 56.0
2031 57.0
2079 58.0
1996 59.0
1934 60.0
1987 61.0
1978 62.0
2040 63.0
1822 64.0
1784 65.0
1892 66.0
1881 67.0
1726 68.0
1689 69.0
1732 70.0
1699 71.0
1767 72.0
1825 73.0
1670 74.0
1719 75.0
1612 76.0
1636 77.0
1659 78.0
1672 79.0
1577 80.0
1494 81.0
1749 82.0
1611 83.0
1532 84.0
1620 85.0
1578 86.0
1491 87.0
1636 88.0
1548 89.0
1561 90.0
1550 91.0
1462 92.0
1532 93.0
1497 94.0
1457 95.0
1387 96.0
1382 97.0
1515 98.0
1416 99.0
1414 100.0
1393 101.0
1378 102.0
1393 103.0
1370 104.0
1386 105.0
1415 106.0
1344 107.0
1423 108.0
1338 109.0
1379 110.0
1274 111.0
1379 112.0
1359 113.0
1337 114.0
1328 115.0
1269 116.0
1313 117.0
1279 118.0
1201 119.0
1191 120.0
1277 121.0
1326 122.0
1267 123.0
1239 124.0
1234 125.0
1199 126.0
1221 127.0
1236 128.0
1259 129.0
1291 130.0
1236 131.0
1208 132.0
1224 133.0
1188 134.0
1241 135.0
1166 136.0
1233 137.0
1171 138.0
1115 139.0
1222 140.0
1123 141.0
1152 142.0
1111 143.0
1040 144.0
1069 145.0
1099 146.0
1058 147.0
1128 148.0
1199 149.0
1084 150.0
1105 151.0
1048 152.0
1018 153.0
1102 154.0
1020 155.0
1012 156.0
1092 157.0
1044 158.0
1103 159.0
1014 160.0
1022 161.0
1094 162.0
1047 163.0
1053 164.0
993 165.0
1068 166.0
1184 167.0
1049 168.0
1100 169.0
1104 170.0
986 171.0
999 172.0
1050 173.0
1003 174.0
1024 175.0
1033 176.0
1037 177.0
976 178.0
1048 179.0
1069 180.0
1001 181.0
1007 182.0
1022 183.0
988 184.0
1054 185.0
1076 186.0
1130 187.0
1068 188.0
972 189.0
963 190.0
1074 191.0
1079 192.0
1044 193.0
1003 194.0
1025 195.0
962 196.0
988 197.0
1066 198.0
926 199.0
959 200.0
1068 201.0
978 202.0
932 203.0
1009 204.0
985 205.0
1011 206.0
982 207.0
957 208.0
962 209.0
979 210.0
953 211.0
1003 212.0
1001 213.0
1009 214.0
948 215.0
973 216.0
1073 217.0
1049 218.0
1003 219.0
981 220.0
1051 221.0
1013 222.0
1009 223.0
946 224.0
938 225.0
935 226.0
905 227.0
921 228.0
1009 229.0
967 230.0
968 231.0
944 232.0
964 233.0
937 234.0
959 235.0
971 236.0
956 237.0
942 238.0
1026 239.0
938 240.0
982 241.0
901 242.0
995 243.0
980 244.0
968 245.0
968 246.0
894 247.0
937 248.0
952 249.0
994 250.0
961 251.0
923 252.0
1001 253.0
922 254.0
918 255.0
944 256.0
950 257.0
1025 258.0
903 259.0
945 260.0
989 261.0
951 262.0
1000 263.0
1004 264.0
948 265.0
992 266.0
935 267.0
957 268.0
962 269.0
922 270.0
970 271.0
1014 272.0
1000 273.0
909 274.0
1007 275.0
952 276.0
934 277.0
921 278.0
1008 279.0
957 280.0
927 281.0
942 282.0
977 283.0
945 284.0
973 285.0
888 286.0
951 287.0
940 288.0
1022 289.0
966 290.0
973 291.0
982 292.0
930 293.0
948 294.0
918 295.0
945 296.0
942 297.0
952 298.0
940 299.0
920 300.0
956 301.0
963 302.0
1021 303.0
986 304.0
910 305.0
952 306.0
1003 307.0
922 308.0
1031 309.0
891 310.0
978 311.0
1026 312.0
916 313.0
952 314.0
938 315.0
881 316.0
933 317.0
930 318.0
933 319.0
950 320.0
939 321.0
930 322.0
896 323.0
951 324.0
988 325.0
910 326.0
952 327.0
959 328.0
977 329.0
956 330.0
952 331.0
981 332.0
1003 333.0
910 334.0
1001 335.0
930 336.0
951 337.0
980 338.0
928 339.0
936 340.0
939 341.0
948 342.0
913 343.0
948 344.0
912 345.0
985 346.0
942 347.0
1031 348.0
1000 349.0
956 350.0
908 351.0
969 352.0
926 353.0
924 354.0
941 355.0
940 356.0
928 357.0
972 358.0
940 359.0
1013 360.0
963 361.0
948 362.0
968 363.0
872 364.0
875 365.0
912 366.0
928 367.0
997 368.0
968 369.0
932 370.0
938 371.0
928 372.0
1007 373.0
987 374.0
921 375.0
959 376.0
1012 377.0
1066 378.0
982 379.0
1048 380.0
943 381.0
974 382.0
925 383.0
932 384.0
944 385.0
922 386.0
995 387.0
954 388.0
882 389.0
932 390.0
911 391.0
930 392.0
932 393.0
940 394.0
962 395.0
950 396.0
974 397.0
978 398.0
931 399.0
977 400.0
959 401.0
944 402.0
1010 403.0
896 404.0
996 405.0
935 406.0
1000 407.0
1020 408.0
917 409.0
966 410.0
934 411.0
1003 412.0
940 413.0
914 414.0
957 415.0
960 416.0
913 417.0
948 418.0
891 419.0
938 420.0
914 421.0
937 422.0
936 423.0
902 424.0
951 425.0
1004 426.0
966 427.0
976 428.0
887 429.0
936 430.0
908 431.0
884 432.0
984 433.0
946 434.0
897 435.0
992 436.0
1001 437.0
919 438.0
991 439.0
1092 440.0
904 441.0
1028 442.0
992 443.0
979 444.0
988 445.0
860 446.0
1014 447.0
962 448.0
963 449.0
