952 -450.0
937 -449.0
1014 -448.0
990 -447.0
940 -446.0
947 -445.0
988 -444.0
983 -443.0
930 -442.0
927 -441.0
903 -440.0
1000 -439.0
1020 -438.0
914 -437.0
899 -436.0
945 -435.0
941 -434.0
939 -433.0
959 -432.0
934 -431.0
964 -430.0
910 -429.0
926 -428.0
984 -427.0
972 -426.0
1013 -425.0
969 -424.0
1003 -423.0
1007 -422.0
986 -421.0
958 -420.0
1065 -419.0
874 -418.0
960 -417.0
937 -416.0
957 -415.0
945 -414.0
977 -413.0
929 -412.0
966 -411.0
967 -410.0
907 -409.0
953 -408.0
938 -407.0
997 -406.0
896 -405.0
941 -404.0
903 -403.0
960 -402.0
1009 -401.0
940 -400.0
1032 -399.0
988 -398.0
924 -397.0
935 -396.0
977 -395.0
1041 -394.0
998 -393.0
956 -392.0
981 -391.0
979 -390.0
994 -389.0
941 -388.0
955 -387.0
867 -386.0
934 -385.0
938 -384.0
919 -383.0
955 -382.0
994 -381.0
1007 -380.0
932 -379.0
967 -378.0
946 -377.0
977 -376.0
917 -375.0
941 -374.0
913 -373.0
939 -372.0
917 -371.0
925 -370.0
890 -369.0
931 -368.0
923 -367.0
865 -366.0
898 -365.0
934 -364.0
981 -363.0
980 -362.0
875 -361.0
926 -360.0
984 -359.0
943 -358.0
953 -357.0
977 -356.0
991 -355.0
979 -354.0
1004 -353.0
1004 -352.0
934 -351.0
921 -350.0
1021 -349.0
1030 -348.0
974 -347.0
923 -346.0
931 -345.0
977 -344.0
960 -343.0
921 -342.0
924 -341.0
992 -340.0
983 -339.0
945 -338.0
979 -337.0
910 -336.0
945 -335.0
931 -334.0
962 -333.0
942 -332.0
938 -331.0
919 -330.0
960 -329.0
939 -328.0
948 -327.0
968 -326.0
974 -325.0
1098 -324.0
990 -323.0
1019 -322.0
940 -321.0
1020 -320.0
921 -319.0
985 -318.0
1081 -317.0
1006 -316.0
975 -315.0
941 -314.0
999 -313.0
972 -312.0
978 -311.0
994 -310.0
962 -309.0
1005 -308.0
952 -307.0
1012 -306.0
995 -305.0
936 -304.0
916 -303.0
884 -302.0
928 -301.0
906 -300.0
969 -299.0
907 -298.0
1004 -297.0
983 -296.0
935 -295.0
968 -294.0
942 -293.0
944 -292.0
852 -291.0
900 -290.0
874 -289.0
946 -288.0
980 -287.0
984 -286.0
972 -285.0
1023 -284.0
951 -283.0
938 -282.0
921 -281.0
979 -280.0
983 -279.0
969 -278.0
935 -277.0
1055 -276.0
958 -275.0
1044 -274.0
935 -273.0
919 -272.0
977 -271.0
960 -270.0
1026 -269.0
1036 -268.0
999 -267.0
989 -266.0
918 -265.0
903 -264.0
885 -263.0
966 -262.0
1012 -261.0
962 -260.0
951 -259.0
910 -258.0
972 -257.0
921 -256.0
985 -255.0
977 -254.0
932 -253.0
996 -252.0
911 -251.0
974 -250.0
979 -249.0
956 -248.0
1006 -247.0
941 -246.0
1000 -245.0
933 -244.0
913 -243.0
875 -242.0
947 -241.0
945 -240.0
923 -239.0
988 -238.0
963 -237.0
958 -236.0
927 -235.0
967 -234.0
958 -233.0
982 -232.0
961 -231.0
933 -230.0
959 -229.0
1003 -228.0
1013 -227.0
888 -226.0
983 -225.0
959 -224.0
961 -223.0
921 -222.0
1038 -221.0
1051 -220.0
934 -219.0
941 -218.0
1039 -217.0
972 -216.0
921 -215.0
924 -214.0
1017 -213.0
971 -212.0
932 -211.0
980 -210.0
936 -209.0
913 -208.0
915 -207.0
964 -206.0
958 -205.0
1007 -204.0
980 -203.0
926 -202.0
999 -201.0
1015 -200.0
876 -199.0
955 -198.0
940 -197.0
954 -196.0
959 -195.0
1018 -194.0
953 -193.0
982 -192.0
950 -191.0
940 -190.0
956 -189.0
921 -188.0
974 -187.0
963 -186.0
946 -185.0
972 -184.0
907 -183.0
1003 -182.0
894 -181.0
959 -180.0
1006 -179.0
971 -178.0
964 -177.0
972 -176.0
1015 -175.0
965 -174.0
943 -173.0
950 -172.0
956 -171.0
944 -170.0
983 -169.0
943 -168.0
1026 -167.0
946 -166.0
957 -165.0
944 -164.0
952 -163.0
880 -162.0
966 -161.0
942 -160.0
978 -159.0
987 -158.0
960 -157.0
964 -156.0
934 -155.0
977 -154.0
924 -153.0
834 -152.0
945 -151.0
885 -150.0
934 -149.0
1059 -148.0
967 -147.0
979 -146.0
1008 -145.0
981 -144.0
1079 -143.0
1028 -142.0
1059 -141.0
1028 -140.0
1084 -139.0
1017 -138.0
967 -137.0
924 -136.0
1097 -135.0
1020 -134.0
1100 -133.0
983 -132.0
1033 -131.0
1053 -130.0
1025 -129.0
1071 -128.0
1159 -127.0
1107 -126.0
1167 -125.0
1139 -124.0
1143 -123.0
1155 -122.0
1079 -121.0
1089 -120.0
1159 -119.0
1184 -118.0
1224 -117.0
1215 -116.0
1196 -115.0
1085 -114.0
1234 -113.0
1198 -112.0
1231 -111.0
1249 -110.0
1254 -109.0
1372 -108.0
1335 -107.0
1376 -106.0
1363 -105.0
1451 -104.0
1484 -103.0
1454 -102.0
1524 -101.0
1552 -100.0
1488 -99.0
1684 -98.0
1609 -97.0
1659 -96.0
1744 -95.0
1716 -94.0
1683 -93.0
1769 -92.0
1774 -91.0
1880 -90.0
1923 -89.0
1794 -88.0
1935 -87.0
1870 -86.0
1920 -85.0
1975 -84.0
2075 -83.0
2112 -82.0
2176 -81.0
2166 -80.0
2136 -79.0
2168 -78.0
2082 -77.0
2249 -76.0
2358 -75.0
2361 -74.0
2350 -73.0
2428 -72.0
2460 -71.0
2452 -70.0
2538 -69.0
2487 -68.0
2544 -67.0
2626 -66.0
2770 -65.0
2805 -64.0
2752 -63.0
2681 -62.0
2814 -61.0
2838 -60.0
2947 -59.0
2864 -58.0
2940 -57.0
2859 -56.0
3029 -55.0
2990 -54.0
3047 -53.0
3124 -52.0
3262 -51.0
3151 -50.0
3177 -49.0
3222 -48.0
3143 -47.0
3138 -46.0
3193 -45.0
3269 -44.0
3288 -43.0
3258 -42.0
3287 -41.0
3311 -40.0
3295 -39.0
3403 -38.0
3327 -37.0
3245 -36.0
3299 -35.0
3292 -34.0
3303 -33.0
3535 -32.0
3508 -31.0
3428 -30.0
3513 -29.0
3435 -28.0
3401 -27.0
3390 -26.0
3367 -25.0
3379 -24.0
3455 -23.0
3469 -22.0
3545 -21.0
3427 -20.0
3315 -19.0
3439 -18.0
3389 -17.0
3484 -16.0
3521 -15.0
3547 -14.0
3418 -13.0
3448 -12.0
3327 -11.0
3360 -10.0
3456 -9.0
3374 -8.0
3338 -7.0
3364 -6.0
3376 -5.0
3319 -4.0
3372 -3.0
3380 -2.0
3464 -1.0
3308 0.0
3310 1.0
3428 2.0
3405 3.0
3395 4.0
3416 5.0
3422 6.0
3413 7.0
3449 8.0
3329 9.0
3419 10.0
3497 11.0
3479 12.0
3399 13.0
3427 14.0
3403 15.0
3396 16.0
3488 17.0
3465 18.0
3296 19.0
3513 20.0
3407 21.0
3497 22.0
3384 23.0
3268 24.0
3374 25.0
3296 26.0
3332 27.0
3418 28.0
3321 29.0
3313 30.0
3234 31.0
3216 32.0
3223 33.0
3215 34.0
3198 35.0
3246 36.0
3108 37.0
3219 38.0
3165 39.0
3182 40.0
3152 41.0
3175 42.0
3151 43.0
3068 44.0
3101 45.0
2884 46.0
2872 47.0
2953 48.0
2796 49.0
2751 50.0
2868 51.0
2740 52.0
2776 53.0
2726 54.0
2719 55.0
2636 56.0
2544 57.0
2516 58.0
2422 59.0
2490 60.0
2405 61.0
2129 62.0
2427 63.0
2324 64.0
2357 65.0
2275 66.0
2297 67.0
2097 68.0
2068 69.0
2016 70.0
1894 71.0
1927 72.0
1742 73.0
1722 74.0
1753 75.0
1844 76.0
1657 77.0
1651 78.0
1549 79.0
1428 80.0
1500 81.0
1410 82.0
1320 83.0
1309 84.0
1344 85.0
1322 86.0
1237 87.0
1127 88.0
1007 89.0
1062 90.0
1099 91.0
1151 92.0
1081 93.0
1104 94.0
1065 95.0
1018 96.0
1156 97.0
1186 98.0
1140 99.0
1140 100.0
1114 101.0
1070 102.0
1058 103.0
1051 104.0
1059 105.0
1033 106.0
1048 107.0
1023 108.0
1011 109.0
994 110.0
976 111.0
1078 112.0
1057 113.0
927 114.0
1038 115.0
1004 116.0
958 117.0
918 118.0
914 119.0
1030 120.0
926 121.0
935 122.0
966 123.0
939 124.0
999 125.0
966 126.0
938 127.0
947 128.0
910 129.0
904 130.0
953 131.0
963 132.0
945 133.0
933 134.0
1008 135.0
988 136.0
1000 137.0
958 138.0
994 139.0
976 140.0
1037 141.0
950 142.0
1011 143.0
969 144.0
969 145.0
1061 146.0
988 147.0
951 148.0
997 149.0
1039 150.0
979 151.0
972 152.0
1000 153.0
974 154.0
1011 155.0
971 156.0
989 157.0
892 158.0
926 159.0
892 160.0
917 161.0
967 162.0
956 163.0
949 164.0
931 165.0
918 166.0
941 167.0
995 168.0
992 169.0
968 170.0
950 171.0
945 172.0
907 173.0
938 174.0
935 175.0
934 176.0
1010 177.0
912 178.0
977 179.0
1009 180.0
1010 181.0
928 182.0
944 183.0
1008 184.0
975 185.0
996 186.0
980 187.0
962 188.0
990 189.0
911 190.0
907 191.0
981 192.0
988 193.0
988 194.0
985 195.0
997 196.0
934 197.0
881 198.0
915 199.0
963 200.0
960 201.0
955 202.0
1004 203.0
924 204.0
905 205.0
945 206.0
919 207.0
918 208.0
878 209.0
912 210.0
901 211.0
922 212.0
843 213.0
955 214.0
948 215.0
981 216.0
909 217.0
998 218.0
982 219.0
952 220.0
970 221.0
959 222.0
1007 223.0
982 224.0
940 225.0
931 226.0
979 227.0
957 228.0
928 229.0
976 230.0
944 231.0
940 232.0
920 233.0
922 234.0
945 235.0
973 236.0
935 237.0
970 238.0
969 239.0
921 240.0
902 241.0
902 242.0
934 243.0
1048 244.0
944 245.0
958 246.0
959 247.0
957 248.0
907 249.0
875 250.0
885 251.0
916 252.0
892 253.0
954 254.0
1059 255.0
992 256.0
1007 257.0
960 258.0
883 259.0
906 260.0
988 261.0
1065 262.0
1063 263.0
925 264.0
941 265.0
886 266.0
982 267.0
984 268.0
981 269.0
955 270.0
933 271.0
881 272.0
954 273.0
927 274.0
929 275.0
1004 276.0
929 277.0
924 278.0
927 279.0
859 280.0
970 281.0
964 282.0
1003 283.0
999 284.0
987 285.0
956 286.0
867 287.0
926 288.0
985 289.0
900 290.0
956 291.0
992 292.0
931 293.0
1024 294.0
995 295.0
1024 296.0
997 297.0
971 298.0
936 299.0
972 300.0
1000 301.0
988 302.0
1006 303.0
942 304.0
827 305.0
907 306.0
883 307.0
974 308.0
923 309.0
979 310.0
928 311.0
972 312.0
940 313.0
932 314.0
1015 315.0
903 316.0
962 317.0
984 318.0
853 319.0
880 320.0
913 321.0
983 322.0
947 323.0
972 324.0
952 325.0
968 326.0
891 327.0
1046 328.0
1055 329.0
918 330.0
949 331.0
959 332.0
943 333.0
971 334.0
976 335.0
1000 336.0
920 337.0
983 338.0
908 339.0
918 340.0
971 341.0
868 342.0
935 343.0
907 344.0
897 345.0
944 346.0
942 347.0
997 348.0
1012 349.0
927 350.0
916 351.0
904 352.0
942 353.0
946 354.0
1047 355.0
945 356.0
942 357.0
946 358.0
986 359.0
988 360.0
1037 361.0
976 362.0
923 363.0
963 364.0
955 365.0
961 366.0
962 367.0
1032 368.0
995 369.0
915 370.0
1023 371.0
968 372.0
963 373.0
998 374.0
946 375.0
930 376.0
895 377.0
909 378.0
932 379.0
952 380.0
914 381.0
944 382.0
911 383.0
973 384.0
915 385.0
942 386.0
981 387.0
917 388.0
925 389.0
947 390.0
929 391.0
901 392.0
945 393.0
931 394.0
945 395.0
1024 396.0
1082 397.0
927 398.0
952 399.0
1045 400.0
975 401.0
1001 402.0
954 403.0
995 404.0
918 405.0
975 406.0
898 407.0
934 408.0
967 409.0
961 410.0
993 411.0
892 412.0
909 413.0
1011 414.0
951 415.0
889 416.0
866 417.0
973 418.0
1017 419.0
958 420.0
941 421.0
907 422.0
937 423.0
947 424.0
912 425.0
1005 426.0
1005 427.0
959 428.0
958 429.0
948 430.0
920 431.0
1013 432.0
1031 433.0
992 434.0
897 435.0
990 436.0
999 437.0
940 438.0
972 439.0
1031 440.0
989 441.0
966 442.0
1015 443.0
953 444.0
995 445.0
1004 446.0
955 447.0
952 448.0
930 449.0
