1015 -450.0
927 -449.0
941 -448.0
980 -447.0
933 -446.0
963 -445.0
932 -444.0
969 -443.0
951 -442.0
929 -441.0
926 -440.0
983 -439.0
938 -438.0
969 -437.0
972 -436.0
961 -435.0
950 -434.0
919 -433.0
975 -432.0
984 -431.0
957 -430.0
976 -429.0
926 -428.0
984 -427.0
915 -426.0
972 -425.0
935 -424.0
984 -423.0
941 -422.0
949 -421.0
955 -420.0
897 -419.0
969 -418.0
956 -417.0
1028 -416.0
937 -415.0
944 -414.0
901 -413.0
946 -412.0
883 -411.0
987 -410.0
941 -409.0
931 -408.0
918 -407.0
921 -406.0
938 -405.0
979 -404.0
1053 -403.0
985 -402.0
984 -401.0
977 -400.0
976 -399.0
946 -398.0
1009 -397.0
995 -396.0
905 -395.0
986 -394.0
956 -393.0
919 -392.0
967 -391.0
1026 -390.0
948 -389.0
979 -388.0
972 -387.0
950 -386.0
935 -385.0
964 -384.0
928 -383.0
979 -382.0
956 -381.0
950 -380.0
946 -379.0
933 -378.0
991 -377.0
918 -376.0
987 -375.0
972 -374.0
918 -373.0
1059 -372.0
953 -371.0
998 -370.0
1001 -369.0
974 -368.0
936 -367.0
986 -366.0
938 -365.0
949 -364.0
972 -363.0
1036 -362.0
924 -361.0
922 -360.0
910 -359.0
990 -358.0
985 -357.0
974 -356.0
892 -355.0
979 -354.0
924 -353.0
923 -352.0
951 -351.0
928 -350.0
959 -349.0
936 -348.0
978 -347.0
998 -346.0
946 -345.0
955 -344.0
930 -343.0
908 -342.0
948 -341.0
948 -340.0
988 -339.0
960 -338.0
1021 -337.0
971 -336.0
918 -335.0
960 -334.0
960 -333.0
986 -332.0
1008 -331.0
960 -330.0
992 -329.0
948 -328.0
990 -327.0
940 -326.0
966 -325.0
955 -324.0
948 -323.0
946 -322.0
924 -321.0
997 -320.0
920 -319.0
902 -318.0
929 -317.0
958 -316.0
906 -315.0
968 -314.0
961 -313.0
924 -312.0
950 -311.0
980 -310.0
991 -309.0
943 -308.0
971 -307.0
1014 -306.0
967 -305.0
944 -304.0
928 -303.0
957 -302.0
948 -301.0
959 -300.0
954 -299.0
956 -298.0
953 -297.0
978 -296.0
985 -295.0
978 -294.0
936 -293.0
1007 -292.0
1013 -291.0
1015 -290.0
974 -289.0
950 -288.0
869 -287.0
1023 -286.0
932 -285.0
886 -284.0
937 -283.0
924 -282.0
1031 -281.0
955 -280.0
997 -279.0
1003 -278.0
952 -277.0
964 -276.0
988 -275.0
942 -274.0
948 -273.0
924 -272.0
983 -271.0
988 -270.0
884 -269.0
990 -268.0
987 -267.0
921 -266.0
998 -265.0
938 -264.0
946 -263.0
944 -262.0
984 -261.0
973 -260.0
1009 -259.0
1015 -258.0
945 -257.0
907 -256.0
938 -255.0
923 -254.0
971 -253.0
969 -252.0
984 -251.0
990 -250.0
902 -249.0
993 -248.0
952 -247.0
912 -246.0
1006 -245.0
959 -244.0
961 -243.0
1013 -242.0
948 -241.0
988 -240.0
980 -239.0
906 -238.0
998 -237.0
947 -236.0
1022 -235.0
968 -234.0
1033 -233.0
915 -232.0
915 -231.0
954 -230.0
934 -229.0
949 -228.0
1016 -227.0
1010 -226.0
940 -225.0
993 -224.0
1009 -223.0
925 -222.0
969 -221.0
1002 -220.0
956 -219.0
961 -218.0
952 -217.0
890 -216.0
970 -215.0
938 -214.0
909 -213.0
979 -212.0
934 -211.0
1044 -210.0
1032 -209.0
956 -208.0
983 -207.0
995 -206.0
980 -205.0
939 -204.0
1039 -203.0
982 -202.0
924 -201.0
975 -200.0
910 -199.0
971 -198.0
1012 -197.0
1010 -196.0
962 -195.0
958 -194.0
1002 -193.0
996 -192.0
939 -191.0
977 -190.0
1020 -189.0
930 -188.0
948 -187.0
1000 -186.0
977 -185.0
1003 -184.0
984 -183.0
1037 -182.0
1066 -181.0
1034 -180.0
1019 -179.0
1064 -178.0
967 -177.0
950 -176.0
950 -175.0
1065 -174.0
1053 -173.0
1017 -172.0
1004 -171.0
1054 -170.0
1002 -169.0
1024 -168.0
1011 -167.0
1021 -166.0
1060 -165.0
1034 -164.0
1044 -163.0
1051 -162.0
1049 -161.0
1037 -160.0
1030 -159.0
1030 -158.0
1004 -157.0
1096 -156.0
1118 -155.0
1097 -154.0
1074 -153.0
1114 -152.0
1174 -151.0
1103 -150.0
1137 -149.0
1238 -148.0
1260 -147.0
1129 -146.0
1098 -145.0
1131 -144.0
1140 -143.0
1170 -142.0
1163 -141.0
1187 -140.0
1129 -139.0
1125 -138.0
1123 -137.0
1139 -136.0
1214 -135.0
1289 -134.0
1292 -133.0
1277 -132.0
1257 -131.0
1257 -130.0
1262 -129.0
1298 -128.0
1281 -127.0
1423 -126.0
1192 -125.0
1251 -124.0
1377 -123.0
1307 -122.0
1452 -121.0
1303 -120.0
1328 -119.0
1392 -118.0
1387 -117.0
1417 -116.0
1373 -115.0
1361 -114.0
1461 -113.0
1342 -112.0
1393 -111.0
1558 -110.0
1569 -109.0
1556 -108.0
1539 -107.0
1418 -106.0
1422 -105.0
1473 -104.0
1478 -103.0
1500 -102.0
1623 -101.0
1595 -100.0
1700 -99.0
1734 -98.0
1731 -97.0
1695 -96.0
1709 -95.0
1628 -94.0
1742 -93.0
1688 -92.0
1742 -91.0
1845 -90.0
1759 -89.0
1690 -88.0
1643 -87.0
1875 -86.0
1820 -85.0
2107 -84.0
2016 -83.0
2049 -82.0
2048 -81.0
1974 -80.0
1852 -79.0
2038 -78.0
1969 -77.0
2078 -76.0
2040 -75.0
1940 -74.0
2071 -73.0
2164 -72.0
2183 -71.0
2141 -70.0
2016 -69.0
2135 -68.0
2188 -67.0
2185 -66.0
2027 -65.0
2141 -64.0
2265 -63.0
2354 -62.0
2315 -61.0
2372 -60.0
2308 -59.0
2442 -58.0
2456 -57.0
2476 -56.0
2383 -55.0
2441 -54.0
2340 -53.0
2436 -52.0
2468 -51.0
2420 -50.0
2583 -49.0
2575 -48.0
2508 -47.0
2713 -46.0
2855 -45.0
2815 -44.0
2800 -43.0
2725 -42.0
2783 -41.0
2848 -40.0
2906 -39.0
2879 -38.0
2894 -37.0
2736 -36.0
2961 -35.0
2852 -34.0
2990 -33.0
3001 -32.0
2882 -31.0
2942 -30.0
3012 -29.0
3161 -28.0
3091 -27.0
3125 -26.0
3257 -25.0
3097 -24.0
3051 -23.0
3011 -22.0
3048 -21.0
3034 -20.0
3252 -19.0
2971 -18.0
3130 -17.0
3254 -16.0
3244 -15.0
3153 -14.0
3159 -13.0
3135 -12.0
3117 -11.0
3137 -10.0
3187 -9.0
3263 -8.0
3139 -7.0
3289 -6.0
3270 -5.0
3255 -4.0
3218 -3.0
3113 -2.0
3195 -1.0
3067 0.0
3109 1.0
3110 2.0
3152 3.0
3068 4.0
3175 5.0
3295 6.0
3128 7.0
3215 8.0
3175 9.0
3105 10.0
3156 11.0
3020 12.0
3084 13.0
3068 14.0
3104 15.0
3040 16.0
2939 17.0
2884 18.0
2961 19.0
2838 20.0
2890 21.0
3027 22.0
3021 23.0
2968 24.0
2985 25.0
2871 26.0
2854 27.0
2912 28.0
2783 29.0
2629 30.0
2766 31.0
2494 32.0
2655 33.0
2714 34.0
2500 35.0
2633 36.0
2612 37.0
2745 38.0
2513 39.0
2548 40.0
2519 41.0
2480 42.0
2403 43.0
2465 44.0
2326 45.0
2264 46.0
2396 47.0
2399 48.0
2305 49.0
2273 50.0
2306 51.0
2400 52.0
2264 53.0
2126 54.0
2300 55.0
2238 56.0
2286 57.0
2209 58.0
2271 59.0
2164 60.0
2137 61.0
2032 62.0
2068 63.0
2147 64.0
1986 65.0
1942 66.0
2104 67.0
2015 68.0
1940 69.0
2021 70.0
1900 71.0
1956 72.0
1811 73.0
1752 74.0
1801 75.0
1773 76.0
1872 77.0
1798 78.0
1782 79.0
1708 80.0
1739 81.0
1737 82.0
1735 83.0
1596 84.0
1625 85.0
1531 86.0
1568 87.0
1598 88.0
1571 89.0
1615 90.0
1489 91.0
1439 92.0
1409 93.0
1391 94.0
1427 95.0
1416 96.0
1444 97.0
1397 98.0
1432 99.0
1379 100.0
1352 101.0
1411 102.0
1287 103.0
1281 104.0
1310 105.0
1299 106.0
1270 107.0
1277 108.0
1304 109.0
1178 110.0
1275 111.0
1227 112.0
1188 113.0
1204 114.0
1226 115.0
1280 116.0
1277 117.0
1129 118.0
1115 119.0
1320 120.0
1224 121.0
1283 122.0
1195 123.0
1255 124.0
1164 125.0
1176 126.0
1238 127.0
1164 128.0
1120 129.0
1102 130.0
1066 131.0
1122 132.0
1158 133.0
1083 134.0
1080 135.0
1036 136.0
1112 137.0
1077 138.0
1072 139.0
1150 140.0
1014 141.0
1034 142.0
1107 143.0
1105 144.0
1120 145.0
1101 146.0
1075 147.0
1084 148.0
989 149.0
1038 150.0
1127 151.0
1042 152.0
1026 153.0
1013 154.0
1000 155.0
1018 156.0
1077 157.0
1048 158.0
1034 159.0
1033 160.0
919 161.0
1125 162.0
966 163.0
1027 164.0
984 165.0
981 166.0
1065 167.0
969 168.0
1063 169.0
1072 170.0
1038 171.0
1025 172.0
967 173.0
988 174.0
963 175.0
888 176.0
922 177.0
907 178.0
953 179.0
953 180.0
947 181.0
967 182.0
992 183.0
940 184.0
967 185.0
972 186.0
993 187.0
944 188.0
976 189.0
994 190.0
1004 191.0
1065 192.0
998 193.0
1021 194.0
1015 195.0
943 196.0
935 197.0
919 198.0
916 199.0
925 200.0
927 201.0
1013 202.0
965 203.0
1014 204.0
892 205.0
1041 206.0
984 207.0
986 208.0
981 209.0
985 210.0
966 211.0
1011 212.0
958 213.0
1039 214.0
903 215.0
972 216.0
961 217.0
959 218.0
929 219.0
961 220.0
983 221.0
960 222.0
1004 223.0
1031 224.0
1011 225.0
952 226.0
934 227.0
915 228.0
957 229.0
932 230.0
915 231.0
910 232.0
944 233.0
961 234.0
999 235.0
997 236.0
1007 237.0
979 238.0
1004 239.0
942 240.0
903 241.0
967 242.0
941 243.0
935 244.0
972 245.0
920 246.0
942 247.0
1036 248.0
986 249.0
927 250.0
931 251.0
946 252.0
985 253.0
999 254.0
869 255.0
968 256.0
932 257.0
969 258.0
935 259.0
922 260.0
938 261.0
971 262.0
908 263.0
994 264.0
968 265.0
1009 266.0
1019 267.0
974 268.0
947 269.0
948 270.0
957 271.0
972 272.0
986 273.0
928 274.0
974 275.0
946 276.0
957 277.0
973 278.0
934 279.0
931 280.0
943 281.0
919 282.0
953 283.0
931 284.0
979 285.0
933 286.0
934 287.0
1010 288.0
987 289.0
927 290.0
951 291.0
995 292.0
941 293.0
1001 294.0
968 295.0
1027 296.0
966 297.0
980 298.0
993 299.0
985 300.0
979 301.0
948 302.0
936 303.0
950 304.0
963 305.0
897 306.0
958 307.0
890 308.0
924 309.0
1030 310.0
970 311.0
924 312.0
983 313.0
940 314.0
964 315.0
950 316.0
939 317.0
865 318.0
931 319.0
967 320.0
923 321.0
1010 322.0
923 323.0
933 324.0
936 325.0
898 326.0
913 327.0
968 328.0
949 329.0
903 330.0
959 331.0
985 332.0
1027 333.0
994 334.0
1005 335.0
1037 336.0
939 337.0
958 338.0
928 339.0
967 340.0
928 341.0
976 342.0
922 343.0
999 344.0
960 345.0
898 346.0
937 347.0
963 348.0
853 349.0
975 350.0
952 351.0
954 352.0
961 353.0
1001 354.0
1004 355.0
964 356.0
933 357.0
972 358.0
1040 359.0
994 360.0
932 361.0
1011 362.0
949 363.0
950 364.0
972 365.0
926 366.0
913 367.0
994 368.0
923 369.0
916 370.0
908 371.0
955 372.0
942 373.0
914 374.0
950 375.0
929 376.0
979 377.0
892 378.0
983 379.0
907 380.0
939 381.0
959 382.0
936 383.0
973 384.0
955 385.0
988 386.0
935 387.0
933 388.0
957 389.0
934 390.0
939 391.0
924 392.0
945 393.0
980 394.0
880 395.0
905 396.0
869 397.0
998 398.0
930 399.0
928 400.0
916 401.0
955 402.0
1003 403.0
878 404.0
914 405.0
980 406.0
993 407.0
917 408.0
936 409.0
975 410.0
977 411.0
977 412.0
891 413.0
1003 414.0
956 415.0
968 416.0
925 417.0
1011 418.0
953 419.0
967 420.0
923 421.0
960 422.0
999 423.0
896 424.0
947 425.0
898 426.0
941 427.0
994 428.0
1000 429.0
957 430.0
910 431.0
992 432.0
1026 433.0
944 434.0
1043 435.0
1032 436.0
970 437.0
1015 438.0
1019 439.0
946 440.0
959 441.0
967 442.0
930 443.0
936 444.0
1061 445.0
1056 446.0
974 447.0
935 448.0
962 449.0
