1003 -450.0
1052 -449.0
990 -448.0
1023 -447.0
942 -446.0
1004 -445.0
1016 -444.0
963 -443.0
973 -442.0
946 -441.0
937 -440.0
1026 -439.0
908 -438.0
980 -437.0
982 -436.0
960 -435.0
961 -434.0
950 -433.0
1021 -432.0
904 -431.0
987 -430.0
904 -429.0
885 -428.0
1017 -427.0
968 -426.0
916 -425.0
998 -424.0
940 -423.0
984 -422.0
974 -421.0
1052 -420.0
971 -419.0
956 -418.0
967 -417.0
969 -416.0
1021 -415.0
991 -414.0
981 -413.0
946 -412.0
916 -411.0
958 -410.0
943 -409.0
920 -408.0
1015 -407.0
956 -406.0
982 -405.0
928 -404.0
920 -403.0
970 -402.0
1022 -401.0
925 -400.0
954 -399.0
980 -398.0
981 -397.0
1003 -396.0
949 -395.0
1015 -394.0
1011 -393.0
975 -392.0
987 -391.0
918 -390.0
998 -389.0
920 -388.0
938 -387.0
1025 -386.0
940 -385.0
905 -384.0
1024 -383.0
954 -382.0
933 -381.0
978 -380.0
952 -379.0
943 -378.0
986 -377.0
996 -376.0
952 -375.0
979 -374.0
954 -373.0
978 -372.0
976 -371.0
989 -370.0
988 -369.0
945 -368.0
997 -367.0
993 -366.0
997 -365.0
939 -364.0
1052 -363.0
934 -362.0
910 -361.0
982 -360.0
908 -359.0
995 -358.0
976 -357.0
989 -356.0
936 -355.0
1004 -354.0
960 -353.0
1049 -352.0
954 -351.0
906 -350.0
918 -349.0
938 -348.0
905 -347.0
939 -346.0
894 -345.0
934 -344.0
990 -343.0
959 -342.0
1003 -341.0
986 -340.0
953 -339.0
1030 -338.0
1034 -337.0
1008 -336.0
1001 -335.0
1055 -334.0
959 -333.0
1002 -332.0
1044 -331.0
939 -330.0
937 -329.0
998 -328.0
945 -327.0
910 -326.0
964 -325.0
967 -324.0
942 -323.0
981 -322.0
954 -321.0
952 -320.0
983 -319.0
924 -318.0
949 -317.0
896 -316.0
972 -315.0
1047 -314.0
994 -313.0
931 -312.0
943 -311.0
972 -310.0
996 -309.0
1006 -308.0
928 -307.0
967 -306.0
944 -305.0
1017 -304.0
992 -303.0
932 -302.0
924 -301.0
1020 -300.0
939 -299.0
961 -298.0
905 -297.0
963 -296.0
1031 -295.0
939 -294.0
950 -293.0
939 -292.0
876 -291.0
924 -290.0
989 -289.0
952 -288.0
948 -287.0
902 -286.0
962 -285.0
933 -284.0
965 -283.0
1010 -282.0
1009 -281.0
949 -280.0
983 -279.0
980 -278.0
972 -277.0
1020 -276.0
893 -275.0
984 -274.0
1000 -273.0
881 -272.0
941 -271.0
930 -270.0
987 -269.0
867 -268.0
946 -267.0
929 -266.0
970 -265.0
967 -264.0
922 -263.0
921 -262.0
1015 -261.0
947 -260.0
966 -259.0
992 -258.0
977 -257.0
1045 -256.0
924 -255.0
961 -254.0
998 -253.0
938 -252.0
964 -251.0
1013 -250.0
948 -249.0
971 -248.0
953 -247.0
939 -246.0
934 -245.0
962 -244.0
954 -243.0
910 -242.0
949 -241.0
924 -240.0
925 -239.0
947 -238.0
1008 -237.0
932 -236.0
903 -235.0
975 -234.0
1022 -233.0
919 -232.0
1014 -231.0
927 -230.0
982 -229.0
992 -228.0
930 -227.0
927 -226.0
928 -225.0
967 -224.0
936 -223.0
911 -222.0
889 -221.0
978 -220.0
952 -219.0
951 -218.0
935 -217.0
920 -216.0
993 -215.0
926 -214.0
993 -213.0
1005 -212.0
924 -211.0
906 -210.0
976 -209.0
926 -208.0
1035 -207.0
985 -206.0
1058 -205.0
1010 -204.0
992 -203.0
1008 -202.0
977 -201.0
989 -200.0
935 -199.0
1004 -198.0
1061 -197.0
927 -196.0
923 -195.0
966 -194.0
964 -193.0
955 -192.0
947 -191.0
911 -190.0
984 -189.0
915 -188.0
929 -187.0
921 -186.0
930 -185.0
938 -184.0
998 -183.0
959 -182.0
955 -181.0
1023 -180.0
980 -179.0
993 -178.0
999 -177.0
925 -176.0
896 -175.0
924 -174.0
961 -173.0
960 -172.0
1019 -171.0
991 -170.0
951 -169.0
1004 -168.0
1035 -167.0
1033 -166.0
958 -165.0
991 -164.0
1000 -163.0
967 -162.0
1031 -161.0
950 -160.0
1034 -159.0
991 -158.0
1014 -157.0
956 -156.0
964 -155.0
1004 -154.0
950 -153.0
1029 -152.0
1011 -151.0
1019 -150.0
1040 -149.0
1026 -148.0
1074 -147.0
1005 -146.0
1042 -145.0
1030 -144.0
1128 -143.0
1067 -142.0
1060 -141.0
1057 -140.0
1133 -139.0
1095 -138.0
1205 -137.0
1145 -136.0
1168 -135.0
1102 -134.0
1164 -133.0
1121 -132.0
1114 -131.0
1153 -130.0
1207 -129.0
1166 -128.0
1182 -127.0
1046 -126.0
1195 -125.0
1247 -124.0
1156 -123.0
1185 -122.0
1108 -121.0
1124 -120.0
1259 -119.0
1315 -118.0
1220 -117.0
1250 -116.0
1345 -115.0
1369 -114.0
1309 -113.0
1268 -112.0
1365 -111.0
1306 -110.0
1388 -109.0
1334 -108.0
1328 -107.0
1351 -106.0
1359 -105.0
1450 -104.0
1454 -103.0
1474 -102.0
1281 -101.0
1445 -100.0
1472 -99.0
1449 -98.0
1426 -97.0
1372 -96.0
1431 -95.0
1432 -94.0
1579 -93.0
1605 -92.0
1595 -91.0
1630 -90.0
1642 -89.0
1710 -88.0
1881 -87.0
1736 -86.0
1747 -85.0
1730 -84.0
1816 -83.0
1932 -82.0
1948 -81.0
1968 -80.0
1822 -79.0
1913 -78.0
1989 -77.0
1980 -76.0
1888 -75.0
2152 -74.0
1993 -73.0
2091 -72.0
2070 -71.0
2207 -70.0
2137 -69.0
2188 -68.0
2061 -67.0
2122 -66.0
2197 -65.0
2217 -64.0
2345 -63.0
2444 -62.0
2402 -61.0
2361 -60.0
2300 -59.0
2152 -58.0
2328 -57.0
2497 -56.0
2372 -55.0
2427 -54.0
2496 -53.0
2545 -52.0
2623 -51.0
2602 -50.0
2653 -49.0
2861 -48.0
2911 -47.0
2801 -46.0
2920 -45.0
2816 -44.0
2799 -43.0
2758 -42.0
2807 -41.0
2882 -40.0
2976 -39.0
2911 -38.0
2992 -37.0
2972 -36.0
3111 -35.0
3116 -34.0
3020 -33.0
3113 -32.0
3143 -31.0
3110 -30.0
3171 -29.0
3185 -28.0
3097 -27.0
3208 -26.0
3229 -25.0
3298 -24.0
3407 -23.0
3320 -22.0
3353 -21.0
3336 -20.0
3248 -19.0
3399 -18.0
3383 -17.0
3453 -16.0
3423 -15.0
3237 -14.0
3388 -13.0
3364 -12.0
3355 -11.0
3356 -10.0
3347 -9.0
3353 -8.0
3332 -7.0
3368 -6.0
3330 -5.0
3401 -4.0
3460 -3.0
3513 -2.0
3384 -1.0
3328 0.0
3369 1.0
3397 2.0
3244 3.0
3391 4.0
3388 5.0
3414 6.0
3507 7.0
3406 8.0
3391 9.0
3349 10.0
3391 11.0
3301 12.0
3256 13.0
3392 14.0
3260 15.0
3305 16.0
3312 17.0
3249 18.0
3453 19.0
3304 20.0
3252 21.0
3231 22.0
3124 23.0
3193 24.0
3125 25.0
3161 26.0
3163 27.0
3236 28.0
3179 29.0
3016 30.0
3204 31.0
3069 32.0
3122 33.0
3123 34.0
2902 35.0
3083 36.0
3043 37.0
2998 38.0
2993 39.0
2888 40.0
2920 41.0
3021 42.0
2980 43.0
2853 44.0
2854 45.0
2893 46.0
2668 47.0
2751 48.0
2742 49.0
2616 50.0
2625 51.0
2755 52.0
2647 53.0
2426 54.0
2482 55.0
2467 56.0
2446 57.0
2332 58.0
2577 59.0
2449 60.0
2430 61.0
2414 62.0
2367 63.0
2156 64.0
2248 65.0
2232 66.0
2136 67.0
2037 68.0
2156 69.0
2122 70.0
2023 71.0
2101 72.0
1947 73.0
1907 74.0
1982 75.0
1820 76.0
1810 77.0
1693 78.0
1770 79.0
1727 80.0
1792 81.0
1854 82.0
1756 83.0
1704 84.0
1537 85.0
1586 86.0
1483 87.0
1548 88.0
1606 89.0
1692 90.0
1571 91.0
1467 92.0
1466 93.0
1471 94.0
1463 95.0
1444 96.0
1447 97.0
1407 98.0
1304 99.0
1357 100.0
1340 101.0
1283 102.0
1210 103.0
1307 104.0
1275 105.0
1188 106.0
1178 107.0
1102 108.0
1129 109.0
1160 110.0
1146 111.0
1191 112.0
1152 113.0
1178 114.0
1194 115.0
1219 116.0
1237 117.0
1238 118.0
1171 119.0
1221 120.0
1172 121.0
1172 122.0
1109 123.0
1125 124.0
1147 125.0
1159 126.0
1070 127.0
1067 128.0
1105 129.0
1078 130.0
995 131.0
1015 132.0
1038 133.0
982 134.0
1020 135.0
991 136.0
1040 137.0
1022 138.0
1022 139.0
1036 140.0
1051 141.0
1012 142.0
1062 143.0
1055 144.0
1071 145.0
1072 146.0
1016 147.0
1011 148.0
1049 149.0
1121 150.0
1109 151.0
1097 152.0
1020 153.0
1071 154.0
1008 155.0
1069 156.0
1066 157.0
971 158.0
961 159.0
994 160.0
1051 161.0
951 162.0
957 163.0
942 164.0
995 165.0
956 166.0
1026 167.0
984 168.0
911 169.0
1017 170.0
977 171.0
995 172.0
938 173.0
1025 174.0
930 175.0
930 176.0
1011 177.0
1020 178.0
984 179.0
957 180.0
1008 181.0
942 182.0
1039 183.0
976 184.0
994 185.0
969 186.0
1008 187.0
968 188.0
1019 189.0
948 190.0
995 191.0
933 192.0
977 193.0
964 194.0
944 195.0
980 196.0
954 197.0
954 198.0
959 199.0
983 200.0
943 201.0
963 202.0
863 203.0
921 204.0
877 205.0
933 206.0
935 207.0
896 208.0
909 209.0
916 210.0
994 211.0
951 212.0
1016 213.0
1018 214.0
969 215.0
999 216.0
979 217.0
964 218.0
987 219.0
966 220.0
1007 221.0
958 222.0
984 223.0
1023 224.0
1006 225.0
951 226.0
933 227.0
962 228.0
939 229.0
919 230.0
923 231.0
862 232.0
890 233.0
931 234.0
896 235.0
1006 236.0
917 237.0
956 238.0
943 239.0
997 240.0
983 241.0
970 242.0
982 243.0
980 244.0
996 245.0
962 246.0
962 247.0
957 248.0
1047 249.0
911 250.0
923 251.0
1013 252.0
904 253.0
900 254.0
969 255.0
942 256.0
953 257.0
987 258.0
897 259.0
959 260.0
904 261.0
936 262.0
921 263.0
963 264.0
969 265.0
909 266.0
961 267.0
991 268.0
965 269.0
1009 270.0
944 271.0
917 272.0
994 273.0
995 274.0
924 275.0
978 276.0
982 277.0
999 278.0
987 279.0
970 280.0
989 281.0
975 282.0
945 283.0
982 284.0
912 285.0
990 286.0
889 287.0
888 288.0
962 289.0
967 290.0
974 291.0
945 292.0
956 293.0
950 294.0
952 295.0
978 296.0
929 297.0
934 298.0
966 299.0
935 300.0
965 301.0
976 302.0
991 303.0
981 304.0
1074 305.0
950 306.0
993 307.0
1064 308.0
972 309.0
1038 310.0
1022 311.0
951 312.0
944 313.0
948 314.0
890 315.0
931 316.0
891 317.0
942 318.0
953 319.0
984 320.0
940 321.0
981 322.0
949 323.0
920 324.0
959 325.0
989 326.0
971 327.0
956 328.0
954 329.0
974 330.0
982 331.0
947 332.0
975 333.0
974 334.0
987 335.0
918 336.0
1023 337.0
952 338.0
994 339.0
1000 340.0
973 341.0
995 342.0
945 343.0
954 344.0
960 345.0
880 346.0
990 347.0
917 348.0
965 349.0
945 350.0
880 351.0
949 352.0
943 353.0
958 354.0
927 355.0
946 356.0
961 357.0
969 358.0
952 359.0
965 360.0
991 361.0
991 362.0
933 363.0
917 364.0
988 365.0
984 366.0
982 367.0
952 368.0
989 369.0
949 370.0
1001 371.0
951 372.0
933 373.0
990 374.0
929 375.0
1005 376.0
971 377.0
911 378.0
945 379.0
889 380.0
942 381.0
948 382.0
891 383.0
942 384.0
953 385.0
939 386.0
990 387.0
1022 388.0
912 389.0
986 390.0
975 391.0
921 392.0
983 393.0
1014 394.0
898 395.0
988 396.0
959 397.0
942 398.0
1064 399.0
988 400.0
932 401.0
964 402.0
1028 403.0
952 404.0
983 405.0
926 406.0
983 407.0
946 408.0
904 409.0
944 410.0
987 411.0
957 412.0
947 413.0
979 414.0
957 415.0
961 416.0
963 417.0
947 418.0
988 419.0
1022 420.0
955 421.0
999 422.0
973 423.0
960 424.0
972 425.0
974 426.0
924 427.0
986 428.0
985 429.0
933 430.0
913 431.0
952 432.0
955 433.0
947 434.0
989 435.0
897 436.0
875 437.0
969 438.0
926 439.0
918 440.0
929 441.0
1029 442.0
1022 443.0
920 444.0
932 445.0
993 446.0
963 447.0
924 448.0
975 449.0
