968 -450.0
1004 -449.0
971 -448.0
1015 -447.0
935 -446.0
960 -445.0
972 -444.0
942 -443.0
933 -442.0
927 -441.0
977 -440.0
982 -439.0
915 -438.0
892 -437.0
995 -436.0
917 -435.0
951 -434.0
906 -433.0
886 -432.0
934 -431.0
922 -430.0
900 -429.0
1005 -428.0
911 -427.0
931 -426.0
984 -425.0
988 -424.0
947 -423.0
942 -422.0
1027 -421.0
1012 -420.0
929 -419.0
950 -418.0
971 -417.0
932 -416.0
949 -415.0
938 -414.0
994 -413.0
1023 -412.0
972 -411.0
976 -410.0
1007 -409.0
974 -408.0
998 -407.0
979 -406.0
938 -405.0
920 -404.0
962 -403.0
926 -402.0
904 -401.0
912 -400.0
995 -399.0
917 -398.0
912 -397.0
909 -396.0
944 -395.0
1011 -394.0
977 -393.0
905 -392.0
1031 -391.0
967 -390.0
964 -389.0
1048 -388.0
908 -387.0
1031 -386.0
972 -385.0
1003 -384.0
983 -383.0
1026 -382.0
1020 -381.0
862 -380.0
955 -379.0
958 -378.0
953 -377.0
972 -376.0
980 -375.0
950 -374.0
1011 -373.0
960 -372.0
973 -371.0
1002 -370.0
947 -369.0
914 -368.0
953 -367.0
904 -366.0
939 -365.0
1024 -364.0
947 -363.0
1035 -362.0
918 -361.0
968 -360.0
989 -359.0
1005 -358.0
1043 -357.0
942 -356.0
980 -355.0
951 -354.0
1024 -353.0
959 -352.0
934 -351.0
961 -350.0
964 -349.0
946 -348.0
973 -347.0
1027 -346.0
935 -345.0
975 -344.0
921 -343.0
965 -342.0
949 -341.0
947 -340.0
947 -339.0
959 -338.0
967 -337.0
928 -336.0
969 -335.0
973 -334.0
912 -333.0
989 -332.0
1007 -331.0
1020 -330.0
1067 -329.0
1023 -328.0
999 -327.0
974 -326.0
1037 -325.0
1035 -324.0
962 -323.0
985 -322.0
993 -321.0
910 -320.0
972 -319.0
982 -318.0
944 -317.0
924 -316.0
1015 -315.0
1008 -314.0
952 -313.0
921 -312.0
957 -311.0
951 -310.0
944 -309.0
959 -308.0
970 -307.0
946 -306.0
950 -305.0
931 -304.0
896 -303.0
948 -302.0
972 -301.0
980 -300.0
927 -299.0
999 -298.0
976 -297.0
993 -296.0
993 -295.0
1007 -294.0
940 -293.0
958 -292.0
931 -291.0
931 -290.0
909 -289.0
904 -288.0
988 -287.0
935 -286.0
944 -285.0
949 -284.0
954 -283.0
964 -282.0
906 -281.0
963 -280.0
989 -279.0
955 -278.0
931 -277.0
952 -276.0
979 -275.0
920 -274.0
991 -273.0
982 -272.0
961 -271.0
1045 -270.0
937 -269.0
1047 -268.0
980 -267.0
1004 -266.0
987 -265.0
991 -264.0
979 -263.0
971 -262.0
964 -261.0
944 -260.0
958 -259.0
977 -258.0
940 -257.0
947 -256.0
1016 -255.0
942 -254.0
936 -253.0
931 -252.0
978 -251.0
1037 -250.0
1023 -249.0
918 -248.0
967 -247.0
1035 -246.0
965 -245.0
921 -244.0
988 -243.0
1024 -242.0
979 -241.0
1030 -240.0
1004 -239.0
1019 -238.0
1021 -237.0
1031 -236.0
970 -235.0
1038 -234.0
955 -233.0
1010 -232.0
1005 -231.0
1007 -230.0
1041 -229.0
1026 -228.0
932 -227.0
979 -226.0
1016 -225.0
1032 -224.0
1038 -223.0
997 -222.0
947 -221.0
1027 -220.0
1041 -219.0
983 -218.0
988 -217.0
988 -216.0
1018 -215.0
1001 -214.0
1005 -213.0
1078 -212.0
1056 -211.0
993 -210.0
1012 -209.0
972 -208.0
1131 -207.0
991 -206.0
1034 -205.0
1043 -204.0
993 -203.0
994 -202.0
947 -201.0
1029 -200.0
1063 -199.0
1118 -198.0
1078 -197.0
1099 -196.0
1016 -195.0
1112 -194.0
1158 -193.0
1081 -192.0
1075 -191.0
1060 -190.0
1078 -189.0
1063 -188.0
1088 -187.0
1085 -186.0
1110 -185.0
1225 -184.0
1177 -183.0
1170 -182.0
1187 -181.0
1141 -180.0
1196 -179.0
1094 -178.0
1212 -177.0
1187 -176.0
1170 -175.0
1205 -174.0
1125 -173.0
1125 -172.0
1086 -171.0
1196 -170.0
1210 -169.0
1231 -168.0
1176 -167.0
1106 -166.0
1203 -165.0
1230 -164.0
1119 -163.0
1189 -162.0
1139 -161.0
1178 -160.0
1152 -159.0
1290 -158.0
1294 -157.0
1224 -156.0
1244 -155.0
1312 -154.0
1342 -153.0
1349 -152.0
1302 -151.0
1156 -150.0
1172 -149.0
1243 -148.0
1249 -147.0
1272 -146.0
1262 -145.0
1302 -144.0
1280 -143.0
1375 -142.0
1442 -141.0
1309 -140.0
1346 -139.0
1291 -138.0
1516 -137.0
1326 -136.0
1418 -135.0
1355 -134.0
1358 -133.0
1393 -132.0
1475 -131.0
1291 -130.0
1333 -129.0
1475 -128.0
1409 -127.0
1329 -126.0
1388 -125.0
1396 -124.0
1310 -123.0
1388 -122.0
1536 -121.0
1451 -120.0
1506 -119.0
1479 -118.0
1484 -117.0
1483 -116.0
1580 -115.0
1558 -114.0
1497 -113.0
1540 -112.0
1468 -111.0
1591 -110.0
1606 -109.0
1487 -108.0
1648 -107.0
1596 -106.0
1608 -105.0
1656 -104.0
1694 -103.0
1599 -102.0
1574 -101.0
1642 -100.0
1583 -99.0
1653 -98.0
1710 -97.0
1784 -96.0
1697 -95.0
1658 -94.0
1676 -93.0
1756 -92.0
1661 -91.0
1646 -90.0
1677 -89.0
1762 -88.0
1704 -87.0
1759 -86.0
1660 -85.0
1656 -84.0
1797 -83.0
1698 -82.0
1773 -81.0
1911 -80.0
1944 -79.0
1852 -78.0
1844 -77.0
1907 -76.0
1852 -75.0
1941 -74.0
1836 -73.0
1856 -72.0
1875 -71.0
1996 -70.0
1998 -69.0
1837 -68.0
1921 -67.0
1908 -66.0
1919 -65.0
1969 -64.0
1960 -63.0
1924 -62.0
1979 -61.0
1977 -60.0
1939 -59.0
2016 -58.0
2000 -57.0
1975 -56.0
2030 -55.0
2144 -54.0
2052 -53.0
2156 -52.0
2141 -51.0
2055 -50.0
2088 -49.0
2036 -48.0
2135 -47.0
2169 -46.0
2153 -45.0
2202 -44.0
2245 -43.0
2115 -42.0
2367 -41.0
2143 -40.0
2139 -39.0
2190 -38.0
2317 -37.0
2341 -36.0
2377 -35.0
2355 -34.0
2179 -33.0
2291 -32.0
2324 -31.0
2222 -30.0
2212 -29.0
2330 -28.0
2283 -27.0
2173 -26.0
2148 -25.0
2178 -24.0
2307 -23.0
2229 -22.0
2212 -21.0
2226 -20.0
2255 -19.0
2420 -18.0
2321 -17.0
2182 -16.0
2292 -15.0
2316 -14.0
2316 -13.0
2384 -12.0
2244 -11.0
2209 -10.0
2286 -9.0
2248 -8.0
2186 -7.0
2169 -6.0
2287 -5.0
2268 -4.0
2333 -3.0
2289 -2.0
2220 -1.0
2204 0.0
2168 1.0
2205 2.0
2156 3.0
2354 4.0
2182 5.0
2138 6.0
2203 7.0
2230 8.0
2144 9.0
2217 10.0
2172 11.0
2218 12.0
2163 13.0
2092 14.0
2004 15.0
2099 16.0
2231 17.0
2141 18.0
2140 19.0
2215 20.0
2099 21.0
2112 22.0
1996 23.0
2005 24.0
2028 25.0
2038 26.0
1903 27.0
2059 28.0
2079 29.0
1989 30.0
1922 31.0
1917 32.0
1979 33.0
1957 34.0
1937 35.0
1826 36.0
1837 37.0
1944 38.0
1897 39.0
1868 40.0
1825 41.0
1937 42.0
1868 43.0
1900 44.0
1859 45.0
1913 46.0
1943 47.0
1862 48.0
1850 49.0
1839 50.0
1806 51.0
1956 52.0
1934 53.0
1673 54.0
1671 55.0
1745 56.0
1666 57.0
1753 58.0
1742 59.0
1695 60.0
1668 61.0
1671 62.0
1686 63.0
1682 64.0
1784 65.0
1699 66.0
1656 67.0
1475 68.0
1629 69.0
1625 70.0
1519 71.0
1571 72.0
1619 73.0
1563 74.0
1514 75.0
1555 76.0
1556 77.0
1502 78.0
1612 79.0
1548 80.0
1470 81.0
1495 82.0
1504 83.0
1504 84.0
1496 85.0
1515 86.0
1455 87.0
1383 88.0
1359 89.0
1383 90.0
1343 91.0
1398 92.0
1400 93.0
1414 94.0
1352 95.0
1440 96.0
1400 97.0
1398 98.0
1255 99.0
1451 100.0
1415 101.0
1350 102.0
1386 103.0
1386 104.0
1282 105.0
1321 106.0
1258 107.0
1302 108.0
1195 109.0
1235 110.0
1235 111.0
1366 112.0
1294 113.0
1253 114.0
1335 115.0
1374 116.0
1182 117.0
1244 118.0
1250 119.0
1321 120.0
1323 121.0
1283 122.0
1231 123.0
1195 124.0
1226 125.0
1281 126.0
1304 127.0
1287 128.0
1222 129.0
1196 130.0
1121 131.0
1230 132.0
1058 133.0
1166 134.0
1102 135.0
1123 136.0
1123 137.0
1179 138.0
1228 139.0
1121 140.0
1151 141.0
1151 142.0
1123 143.0
1124 144.0
1158 145.0
1126 146.0
1116 147.0
1139 148.0
1143 149.0
1209 150.0
1179 151.0
1130 152.0
1167 153.0
1172 154.0
1232 155.0
1173 156.0
1054 157.0
1097 158.0
1159 159.0
1119 160.0
1177 161.0
1166 162.0
1088 163.0
1032 164.0
1059 165.0
999 166.0
1016 167.0
1163 168.0
1073 169.0
1107 170.0
1125 171.0
1080 172.0
1051 173.0
1076 174.0
1055 175.0
1074 176.0
1071 177.0
1072 178.0
1071 179.0
1193 180.0
1054 181.0
1071 182.0
1115 183.0
1007 184.0
1050 185.0
1103 186.0
1040 187.0
1063 188.0
1146 189.0
1015 190.0
1038 191.0
1053 192.0
1007 193.0
976 194.0
1002 195.0
983 196.0
981 197.0
1003 198.0
1014 199.0
1100 200.0
1018 201.0
959 202.0
933 203.0
1012 204.0
1001 205.0
1042 206.0
940 207.0
906 208.0
972 209.0
1004 210.0
1013 211.0
1014 212.0
1028 213.0
1053 214.0
1015 215.0
975 216.0
992 217.0
993 218.0
977 219.0
986 220.0
974 221.0
969 222.0
950 223.0
1064 224.0
928 225.0
951 226.0
970 227.0
985 228.0
960 229.0
983 230.0
958 231.0
937 232.0
982 233.0
972 234.0
902 235.0
948 236.0
986 237.0
951 238.0
974 239.0
974 240.0
1007 241.0
1011 242.0
975 243.0
1041 244.0
999 245.0
955 246.0
996 247.0
995 248.0
899 249.0
936 250.0
991 251.0
932 252.0
989 253.0
937 254.0
961 255.0
980 256.0
889 257.0
917 258.0
931 259.0
946 260.0
994 261.0
973 262.0
976 263.0
932 264.0
931 265.0
934 266.0
1043 267.0
961 268.0
1031 269.0
984 270.0
961 271.0
922 272.0
928 273.0
1006 274.0
964 275.0
990 276.0
1000 277.0
954 278.0
1010 279.0
932 280.0
962 281.0
910 282.0
963 283.0
941 284.0
925 285.0
926 286.0
855 287.0
934 288.0
957 289.0
918 290.0
963 291.0
964 292.0
988 293.0
917 294.0
988 295.0
990 296.0
926 297.0
944 298.0
915 299.0
940 300.0
961 301.0
1005 302.0
993 303.0
947 304.0
945 305.0
984 306.0
968 307.0
972 308.0
997 309.0
978 310.0
938 311.0
943 312.0
936 313.0
992 314.0
937 315.0
936 316.0
954 317.0
878 318.0
951 319.0
936 320.0
895 321.0
940 322.0
910 323.0
923 324.0
931 325.0
964 326.0
884 327.0
955 328.0
968 329.0
868 330.0
888 331.0
962 332.0
1000 333.0
924 334.0
995 335.0
989 336.0
944 337.0
967 338.0
1039 339.0
915 340.0
906 341.0
942 342.0
980 343.0
988 344.0
980 345.0
1012 346.0
967 347.0
942 348.0
1004 349.0
946 350.0
957 351.0
920 352.0
957 353.0
994 354.0
974 355.0
993 356.0
993 357.0
926 358.0
978 359.0
982 360.0
956 361.0
1010 362.0
979 363.0
1002 364.0
971 365.0
914 366.0
963 367.0
979 368.0
978 369.0
931 370.0
943 371.0
924 372.0
960 373.0
899 374.0
962 375.0
993 376.0
952 377.0
973 378.0
916 379.0
990 380.0
900 381.0
916 382.0
946 383.0
985 384.0
981 385.0
942 386.0
967 387.0
937 388.0
977 389.0
967 390.0
923 391.0
1020 392.0
982 393.0
991 394.0
970 395.0
948 396.0
882 397.0
995 398.0
978 399.0
920 400.0
1011 401.0
976 402.0
923 403.0
953 404.0
864 405.0
920 406.0
955 407.0
942 408.0
908 409.0
958 410.0
949 411.0
872 412.0
876 413.0
904 414.0
982 415.0
932 416.0
925 417.0
984 418.0
952 419.0
993 420.0
1012 421.0
947 422.0
1026 423.0
929 424.0
1008 425.0
989 426.0
1022 427.0
986 428.0
899 429.0
945 430.0
969 431.0
965 432.0
941 433.0
941 434.0
898 435.0
950 436.0
869 437.0
961 438.0
899 439.0
932 440.0
968 441.0
970 442.0
980 443.0
909 444.0
928 445.0
889 446.0
949 447.0
1022 448.0
978 449.0
