962 -450.0
944 -449.0
968 -448.0
959 -447.0
925 -446.0
992 -445.0
942 -444.0
903 -443.0
900 -442.0
986 -441.0
983 -440.0
987 -439.0
994 -438.0
963 -437.0
939 -436.0
958 -435.0
951 -434.0
930 -433.0
944 -432.0
974 -431.0
975 -430.0
984 -429.0
996 -428.0
954 -427.0
956 -426.0
1016 -425.0
1009 -424.0
978 -423.0
974 -422.0
925 -421.0
971 -420.0
985 -419.0
950 -418.0
944 -417.0
949 -416.0
902 -415.0
927 -414.0
1004 -413.0
961 -412.0
972 -411.0
1020 -410.0
940 -409.0
987 -408.0
903 -407.0
1019 -406.0
986 -405.0
997 -404.0
1012 -403.0
952 -402.0
1041 -401.0
990 -400.0
937 -399.0
995 -398.0
933 -397.0
963 -396.0
918 -395.0
1004 -394.0
952 -393.0
943 -392.0
901 -391.0
892 -390.0
955 -389.0
939 -388.0
979 -387.0
947 -386.0
963 -385.0
960 -384.0
950 -383.0
942 -382.0
963 -381.0
936 -380.0
966 -379.0
988 -378.0
981 -377.0
1007 -376.0
948 -375.0
914 -374.0
921 -373.0
991 -372.0
965 -371.0
961 -370.0
991 -369.0
940 -368.0
973 -367.0
953 -366.0
965 -365.0
939 -364.0
1002 -363.0
910 -362.0
957 -361.0
907 -360.0
994 -359.0
929 -358.0
1011 -357.0
981 -356.0
954 -355.0
975 -354.0
963 -353.0
1024 -352.0
1020 -351.0
954 -350.0
1043 -349.0
1023 -348.0
998 -347.0
917 -346.0
979 -345.0
948 -344.0
982 -343.0
964 -342.0
967 -341.0
1006 -340.0
959 -339.0
990 -338.0
1022 -337.0
875 -336.0
981 -335.0
1002 -334.0
954 -333.0
876 -332.0
961 -331.0
886 -330.0
918 -329.0
955 -328.0
916 -327.0
962 -326.0
992 -325.0
934 -324.0
956 -323.0
1048 -322.0
1003 -321.0
1025 -320.0
976 -319.0
969 -318.0
890 -317.0
1046 -316.0
944 -315.0
982 -314.0
994 -313.0
930 -312.0
992 -311.0
979 -310.0
961 -309.0
876 -308.0
977 -307.0
889 -306.0
976 -305.0
932 -304.0
922 -303.0
967 -302.0
942 -301.0
939 -300.0
887 -299.0
917 -298.0
892 -297.0
925 -296.0
991 -295.0
959 -294.0
1001 -293.0
955 -292.0
1015 -291.0
996 -290.0
1001 -289.0
984 -288.0
958 -287.0
936 -286.0
938 -285.0
968 -284.0
1009 -283.0
915 -282.0
991 -281.0
948 -280.0
912 -279.0
993 -278.0
989 -277.0
1007 -276.0
919 -275.0
953 -274.0
928 -273.0
1011 -272.0
982 -271.0
964 -270.0
968 -269.0
937 -268.0
959 -267.0
944 -266.0
960 -265.0
976 -264.0
901 -263.0
952 -262.0
1047 -261.0
958 -260.0
954 -259.0
989 -258.0
1028 -257.0
1000 -256.0
989 -255.0
988 -254.0
1012 -253.0
987 -252.0
996 -251.0
1010 -250.0
923 -249.0
948 -248.0
976 -247.0
928 -246.0
918 -245.0
978 -244.0
989 -243.0
973 -242.0
900 -241.0
988 -240.0
975 -239.0
991 -238.0
980 -237.0
861 -236.0
944 -235.0
868 -234.0
965 -233.0
970 -232.0
1061 -231.0
988 -230.0
1009 -229.0
921 -228.0
1019 -227.0
990 -226.0
1052 -225.0
976 -224.0
968 -223.0
1013 -222.0
954 -221.0
1024 -220.0
987 -219.0
913 -218.0
1029 -217.0
1044 -216.0
997 -215.0
998 -214.0
964 -213.0
1046 -212.0
1052 -211.0
1057 -210.0
963 -209.0
1067 -208.0
1065 -207.0
1056 -206.0
1059 -205.0
944 -204.0
1046 -203.0
1047 -202.0
1020 -201.0
1036 -200.0
1067 -199.0
1028 -198.0
1047 -197.0
1022 -196.0
1034 -195.0
1049 -194.0
1100 -193.0
1054 -192.0
1081 -191.0
1136 -190.0
1188 -189.0
1023 -188.0
1016 -187.0
1057 -186.0
1049 -185.0
1064 -184.0
1000 -183.0
1050 -182.0
1032 -181.0
1049 -180.0
1054 -179.0
1022 -178.0
1060 -177.0
1173 -176.0
1139 -175.0
1151 -174.0
1012 -173.0
1122 -172.0
1064 -171.0
1051 -170.0
1066 -169.0
1028 -168.0
1109 -167.0
1118 -166.0
1122 -165.0
1104 -164.0
1139 -163.0
1134 -162.0
1187 -161.0
1165 -160.0
1147 -159.0
1267 -158.0
1198 -157.0
1067 -156.0
1130 -155.0
1181 -154.0
1156 -153.0
1157 -152.0
1213 -151.0
1196 -150.0
1244 -149.0
1273 -148.0
1148 -147.0
1284 -146.0
1194 -145.0
1294 -144.0
1216 -143.0
1295 -142.0
1426 -141.0
1255 -140.0
1291 -139.0
1304 -138.0
1454 -137.0
1398 -136.0
1358 -135.0
1474 -134.0
1355 -133.0
1248 -132.0
1346 -131.0
1374 -130.0
1374 -129.0
1408 -128.0
1366 -127.0
1445 -126.0
1353 -125.0
1345 -124.0
1310 -123.0
1449 -122.0
1335 -121.0
1340 -120.0
1399 -119.0
1532 -118.0
1421 -117.0
1410 -116.0
1352 -115.0
1433 -114.0
1444 -113.0
1598 -112.0
1495 -111.0
1474 -110.0
1504 -109.0
1593 -108.0
1526 -107.0
1472 -106.0
1503 -105.0
1583 -104.0
1619 -103.0
1568 -102.0
1657 -101.0
1809 -100.0
1809 -99.0
1792 -98.0
1724 -97.0
1795 -96.0
1730 -95.0
1711 -94.0
1767 -93.0
1813 -92.0
1745 -91.0
1802 -90.0
1778 -89.0
1919 -88.0
1881 -87.0
1927 -86.0
1945 -85.0
1821 -84.0
1916 -83.0
1900 -82.0
2041 -81.0
2052 -80.0
1908 -79.0
1922 -78.0
2016 -77.0
2213 -76.0
2031 -75.0
1901 -74.0
2143 -73.0
2027 -72.0
2120 -71.0
2143 -70.0
1907 -69.0
2124 -68.0
2042 -67.0
2149 -66.0
2047 -65.0
2054 -64.0
2019 -63.0
2008 -62.0
2152 -61.0
2196 -60.0
2125 -59.0
2265 -58.0
2117 -57.0
2339 -56.0
2203 -55.0
2208 -54.0
2380 -53.0
2154 -52.0
2086 -51.0
2256 -50.0
2252 -49.0
2112 -48.0
2312 -47.0
2285 -46.0
2150 -45.0
2352 -44.0
2276 -43.0
2385 -42.0
2350 -41.0
2425 -40.0
2553 -39.0
2508 -38.0
2425 -37.0
2457 -36.0
2359 -35.0
2439 -34.0
2471 -33.0
2392 -32.0
2449 -31.0
2488 -30.0
2509 -29.0
2552 -28.0
2492 -27.0
2551 -26.0
2552 -25.0
2557 -24.0
2540 -23.0
2446 -22.0
2593 -21.0
2514 -20.0
2378 -19.0
2460 -18.0
2451 -17.0
2488 -16.0
2620 -15.0
2672 -14.0
2641 -13.0
2632 -12.0
2675 -11.0
2685 -10.0
2583 -9.0
2488 -8.0
2433 -7.0
2562 -6.0
2610 -5.0
2728 -4.0
2486 -3.0
2536 -2.0
2529 -1.0
2425 0.0
2358 1.0
2442 2.0
2359 3.0
2563 4.0
2476 5.0
2498 6.0
2403 7.0
2439 8.0
2351 9.0
2416 10.0
2461 11.0
2464 12.0
2521 13.0
2390 14.0
2505 15.0
2471 16.0
2358 17.0
2473 18.0
2497 19.0
2429 20.0
2374 21.0
2268 22.0
2418 23.0
2299 24.0
2299 25.0
2168 26.0
2290 27.0
2345 28.0
2123 29.0
2317 30.0
2217 31.0
2348 32.0
2374 33.0
2292 34.0
2300 35.0
2194 36.0
2197 37.0
2163 38.0
2254 39.0
2046 40.0
2175 41.0
2097 42.0
2080 43.0
2152 44.0
2097 45.0
2050 46.0
1998 47.0
1892 48.0
1969 49.0
1883 50.0
1996 51.0
2032 52.0
1919 53.0
1868 54.0
1850 55.0
1828 56.0
1784 57.0
1947 58.0
1881 59.0
1894 60.0
1838 61.0
1863 62.0
1644 63.0
1792 64.0
1785 65.0
1775 66.0
1739 67.0
1632 68.0
1688 69.0
1675 70.0
1658 71.0
1652 72.0
1724 73.0
1646 74.0
1671 75.0
1624 76.0
1594 77.0
1683 78.0
1580 79.0
1653 80.0
1631 81.0
1600 82.0
1536 83.0
1576 84.0
1607 85.0
1513 86.0
1414 87.0
1452 88.0
1486 89.0
1423 90.0
1542 91.0
1513 92.0
1441 93.0
1477 94.0
1407 95.0
1482 96.0
1334 97.0
1349 98.0
1363 99.0
1412 100.0
1373 101.0
1430 102.0
1476 103.0
1384 104.0
1382 105.0
1436 106.0
1368 107.0
1390 108.0
1400 109.0
1411 110.0
1337 111.0
1285 112.0
1355 113.0
1297 114.0
1299 115.0
1342 116.0
1320 117.0
1373 118.0
1264 119.0
1324 120.0
1310 121.0
1211 122.0
1175 123.0
1252 124.0
1234 125.0
1304 126.0
1215 127.0
1216 128.0
1196 129.0
1232 130.0
1298 131.0
1292 132.0
1120 133.0
1193 134.0
1230 135.0
1194 136.0
1201 137.0
1192 138.0
1240 139.0
1224 140.0
1200 141.0
1199 142.0
1190 143.0
1242 144.0
1191 145.0
1196 146.0
1115 147.0
1185 148.0
1203 149.0
1179 150.0
1183 151.0
1106 152.0
1086 153.0
1160 154.0
1132 155.0
1100 156.0
1123 157.0
1187 158.0
1043 159.0
1071 160.0
1083 161.0
1089 162.0
1103 163.0
1095 164.0
1027 165.0
1083 166.0
1034 167.0
1016 168.0
1071 169.0
1066 170.0
1023 171.0
1059 172.0
1107 173.0
1049 174.0
1067 175.0
1062 176.0
1019 177.0
1020 178.0
1102 179.0
1033 180.0
1022 181.0
1027 182.0
1031 183.0
1068 184.0
1060 185.0
1071 186.0
1032 187.0
1026 188.0
980 189.0
1098 190.0
1004 191.0
1048 192.0
1080 193.0
1041 194.0
1043 195.0
1030 196.0
1002 197.0
1023 198.0
991 199.0
1033 200.0
1038 201.0
994 202.0
1032 203.0
1072 204.0
1051 205.0
992 206.0
965 207.0
1009 208.0
997 209.0
970 210.0
1046 211.0
1006 212.0
1025 213.0
1032 214.0
971 215.0
988 216.0
904 217.0
941 218.0
982 219.0
991 220.0
960 221.0
985 222.0
986 223.0
995 224.0
1019 225.0
951 226.0
991 227.0
997 228.0
972 229.0
974 230.0
993 231.0
939 232.0
979 233.0
970 234.0
951 235.0
1010 236.0
980 237.0
1010 238.0
950 239.0
966 240.0
1050 241.0
968 242.0
988 243.0
946 244.0
1009 245.0
937 246.0
939 247.0
1085 248.0
1011 249.0
939 250.0
945 251.0
936 252.0
903 253.0
906 254.0
966 255.0
942 256.0
961 257.0
978 258.0
955 259.0
957 260.0
975 261.0
938 262.0
914 263.0
923 264.0
927 265.0
1032 266.0
981 267.0
956 268.0
1019 269.0
1004 270.0
964 271.0
929 272.0
984 273.0
908 274.0
944 275.0
977 276.0
993 277.0
1001 278.0
972 279.0
980 280.0
939 281.0
960 282.0
992 283.0
979 284.0
1009 285.0
971 286.0
976 287.0
956 288.0
982 289.0
976 290.0
1006 291.0
912 292.0
1038 293.0
927 294.0
893 295.0
998 296.0
927 297.0
896 298.0
944 299.0
955 300.0
951 301.0
911 302.0
905 303.0
911 304.0
905 305.0
903 306.0
954 307.0
904 308.0
930 309.0
946 310.0
975 311.0
912 312.0
945 313.0
960 314.0
988 315.0
1035 316.0
1004 317.0
1054 318.0
970 319.0
976 320.0
925 321.0
925 322.0
916 323.0
961 324.0
1012 325.0
994 326.0
961 327.0
962 328.0
935 329.0
937 330.0
987 331.0
948 332.0
962 333.0
958 334.0
935 335.0
900 336.0
906 337.0
955 338.0
969 339.0
964 340.0
990 341.0
884 342.0
987 343.0
947 344.0
1073 345.0
960 346.0
971 347.0
926 348.0
988 349.0
960 350.0
929 351.0
936 352.0
936 353.0
938 354.0
950 355.0
943 356.0
913 357.0
926 358.0
942 359.0
879 360.0
939 361.0
972 362.0
890 363.0
967 364.0
887 365.0
1005 366.0
940 367.0
1001 368.0
912 369.0
982 370.0
958 371.0
980 372.0
1011 373.0
964 374.0
1006 375.0
973 376.0
943 377.0
967 378.0
976 379.0
972 380.0
896 381.0
895 382.0
1023 383.0
895 384.0
947 385.0
920 386.0
897 387.0
951 388.0
916 389.0
940 390.0
986 391.0
976 392.0
1017 393.0
898 394.0
960 395.0
1007 396.0
988 397.0
952 398.0
1001 399.0
1008 400.0
923 401.0
1003 402.0
985 403.0
975 404.0
969 405.0
981 406.0
964 407.0
936 408.0
904 409.0
911 410.0
958 411.0
937 412.0
963 413.0
928 414.0
1043 415.0
938 416.0
982 417.0
968 418.0
898 419.0
950 420.0
956 421.0
917 422.0
950 423.0
969 424.0
996 425.0
885 426.0
962 427.0
957 428.0
1016 429.0
944 430.0
966 431.0
985 432.0
1005 433.0
969 434.0
952 435.0
916 436.0
914 437.0
978 438.0
953 439.0
989 440.0
978 441.0
941 442.0
1042 443.0
1014 444.0
926 445.0
949 446.0
967 447.0
978 448.0
952 449.0
